2|2|27|1
6|3|8|2
87|4|5|3
88|6|7|3
7|9|24|2
445|10|11|3
446|12|19|3
916|13|14|4
917|15|16|4
918|17|18|4
447|20|21|3
448|22|23|3
8|25|26|2
3|28|1309|1
9|29|416|2
34|30|229|3
41|31|74|4
73|32|33|5
74|34|45|5
971|35|36|6
972|37|38|6
973|39|40|6
974|41|42|6
975|43|44|6
75|46|47|5
76|48|49|5
77|50|73|5
475|51|52|6
476|53|54|6
477|55|70|6
768|56|57|7
769|58|59|7
770|60|61|7
771|62|67|7
976|63|64|8
977|65|66|8
772|68|69|7
478|71|72|6
42|75|224|4
142|76|77|5
143|78|103|5
465|79|80|6
466|81|102|6
568|82|93|7
711|83|84|8
712|85|86|8
713|87|88|8
714|89|90|8
715|91|92|8
569|94|95|7
570|96|97|7
571|98|99|7
572|100|101|7
144|104|105|5
145|106|107|5
146|108|223|5
297|109|118|6
651|110|111|7
652|112|113|7
653|114|115|7
654|116|117|7
298|119|148|6
392|120|121|7
393|122|131|7
401|123|124|8
402|125|126|8
403|127|128|8
404|129|130|8
394|132|145|7
669|133|134|8
670|135|142|8
757|136|137|9
758|138|139|9
759|140|141|9
671|143|144|8
395|146|147|7
299|149|150|6
300|151|220|6
505|152|153|7
506|154|173|7
553|155|156|8
554|157|168|8
939|158|159|9
940|160|161|9
941|162|163|9
942|164|165|9
943|166|167|9
555|169|170|8
556|171|172|8
507|174|175|7
508|176|217|7
516|177|188|8
831|178|179|9
832|180|181|9
833|182|183|9
834|184|185|9
835|186|187|9
517|189|216|8
615|190|191|9
616|192|193|9
617|194|211|9
928|195|196|10
929|197|198|10
930|199|210|10
982|200|201|11
983|202|203|11
984|204|205|11
985|206|207|11
986|208|209|11
618|212|213|9
619|214|215|9
509|218|219|7
301|221|222|6
43|225|226|4
44|227|228|4
35|230|341|3
50|231|242|4
319|232|233|5
320|234|241|5
796|235|236|6
797|237|238|6
798|239|240|6
51|243|334|4
83|244|245|5
84|246|267|5
176|247|264|6
288|248|257|7
682|249|250|8
683|251|252|8
684|253|254|8
685|255|256|8
289|258|259|7
290|260|261|7
291|262|263|7
177|265|266|6
85|268|331|5
100|269|290|6
268|270|271|7
269|272|283|7
737|273|274|8
738|275|276|8
739|277|278|8
740|279|280|8
741|281|282|8
270|284|285|7
271|286|287|7
272|288|289|7
101|291|330|6
249|292|293|7
250|294|321|7
367|295|304|8
649|296|301|9
813|297|298|10
814|299|300|10
650|302|303|9
368|305|306|8
369|307|316|8
992|308|309|9
993|310|311|9
994|312|313|9
995|314|315|9
370|317|318|8
371|319|320|8
251|322|323|7
252|324|329|7
346|325|326|8
347|327|328|8
86|332|333|5
52|335|340|4
329|336|337|5
330|338|339|5
36|342|385|3
227|343|344|4
228|345|384|4
655|346|347|5
656|348|371|5
708|349|350|6
709|351|368|6
883|352|353|7
884|354|355|7
885|356|361|7
931|357|358|8
932|359|360|8
886|362|367|7
954|363|364|8
955|365|366|8
710|369|370|6
657|372|373|5
658|374|381|5
944|375|376|6
945|377|378|6
946|379|380|6
659|382|383|5
37|386|415|3
110|387|392|4
132|388|389|5
133|390|391|5
111|393|394|4
112|395|412|4
147|396|397|5
148|398|399|5
149|400|411|5
234|401|408|6
494|402|403|7
495|404|405|7
496|406|407|7
235|409|410|6
113|413|414|4
10|417|1006|2
13|418|419|3
14|420|593|3
58|421|584|4
78|422|423|5
79|424|429|5
566|425|426|6
567|427|428|6
80|430|431|5
81|432|513|5
97|433|438|6
210|434|435|7
211|436|437|7
98|439|440|6
99|441|512|6
166|442|443|7
167|444|455|7
222|445|446|8
223|447|448|8
224|449|450|8
225|451|452|8
226|453|454|8
168|456|507|7
396|457|458|8
397|459|460|8
398|461|462|8
399|463|464|8
400|465|506|8
407|466|481|9
664|467|468|10
665|469|470|10
666|471|472|10
667|473|478|10
777|474|475|11
778|476|477|11
668|479|480|10
408|482|483|9
409|484|503|9
703|485|486|10
704|487|488|10
705|489|498|10
978|490|491|11
979|492|493|11
980|494|495|11
981|496|497|11
706|499|500|10
707|501|502|10
410|504|505|9
169|508|509|7
170|510|511|7
82|514|583|5
244|515|532|6
950|516|517|7
951|518|519|7
952|520|521|7
953|522|531|7
963|523|524|8
964|525|526|8
965|527|528|8
966|529|530|8
245|533|570|6
419|534|539|7
463|535|536|8
464|537|538|8
420|540|541|7
421|542|557|7
701|543|554|8
760|544|545|9
761|546|547|9
762|548|549|9
763|550|551|9
764|552|553|9
702|555|556|8
422|558|569|7
791|559|560|8
792|561|562|8
793|563|564|8
794|565|566|8
795|567|568|8
246|571|578|6
693|572|573|7
694|574|575|7
695|576|577|7
247|579|580|6
248|581|582|6
59|585|592|4
502|586|587|5
503|588|589|5
504|590|591|5
15|594|989|3
20|595|920|4
29|596|745|5
93|597|638|6
105|598|635|7
199|599|600|8
200|601|602|8
201|603|634|8
273|604|609|9
542|605|606|10
543|607|608|10
274|610|627|9
544|611|620|10
607|612|613|11
608|614|615|11
609|616|617|11
610|618|619|11
545|621|622|10
546|623|624|10
547|625|626|10
275|628|629|9
276|630|631|9
277|632|633|9
106|636|637|7
94|639|640|6
95|641|712|6
120|642|643|7
121|644|711|7
278|645|646|8
279|647|704|8
315|648|663|9
620|649|650|10
621|651|656|10
820|652|653|11
821|654|655|11
622|657|658|10
623|659|660|10
624|661|662|10
316|664|681|9
469|665|666|10
470|667|678|10
875|668|669|11
876|670|671|11
877|672|673|11
878|674|675|11
879|676|677|11
471|679|680|10
317|682|683|9
318|684|703|9
528|685|696|10
747|686|687|11
748|688|689|11
749|690|691|11
750|692|693|11
751|694|695|11
529|697|698|10
530|699|700|10
531|701|702|10
280|705|706|8
281|707|708|8
282|709|710|8
96|713|744|6
307|714|715|7
308|716|717|7
309|718|743|7
486|719|720|8
487|721|722|8
488|723|724|8
489|725|732|8
510|726|727|9
511|728|729|9
512|730|731|9
490|733|742|8
601|734|735|9
602|736|737|9
603|738|739|9
604|740|741|9
30|746|895|5
122|747|748|6
123|749|788|6
236|750|751|7
237|752|781|7
321|753|754|8
322|755|756|8
323|757|776|8
573|758|759|9
574|760|771|9
887|761|762|10
888|763|764|10
889|765|766|10
890|767|768|10
891|769|770|10
575|772|773|9
576|774|775|9
324|777|778|8
325|779|780|8
238|782|787|7
414|783|784|8
415|785|786|8
124|789|800|6
438|790|791|7
439|792|793|7
440|794|795|7
441|796|797|7
442|798|799|7
125|801|894|6
178|802|833|7
453|803|804|8
454|805|806|8
455|807|822|8
562|808|815|9
880|809|810|10
881|811|812|10
882|813|814|10
563|816|817|9
564|818|819|9
565|820|821|9
456|823|830|8
765|824|825|9
766|826|827|9
767|828|829|9
457|831|832|8
179|834|835|7
180|836|893|7
202|837|838|8
203|839|876|8
381|840|841|9
382|842|843|9
383|844|873|9
520|845|868|10
637|846|847|11
638|848|849|11
639|850|863|11
804|851|852|12
805|853|854|12
806|855|856|12
807|857|862|12
901|858|859|13
902|860|861|13
640|864|865|11
641|866|867|11
521|869|870|10
522|871|872|10
384|874|875|9
204|877|892|8
427|878|879|9
428|880|881|9
429|882|883|9
430|884|891|9
721|885|886|10
722|887|888|10
723|889|890|10
31|896|905|5
827|897|898|6
828|899|900|6
829|901|902|6
830|903|904|6
32|906|907|5
33|908|919|5
263|909|910|6
264|911|918|6
559|912|913|7
560|914|915|7
561|916|917|7
21|921|922|4
22|923|986|4
129|924|933|5
356|925|926|6
357|927|928|6
358|929|930|6
359|931|932|6
130|934|983|5
379|935|980|6
431|936|945|7
773|937|938|8
774|939|940|8
775|941|942|8
776|943|944|8
432|946|947|7
433|948|949|7
434|950|967|7
716|951|958|8
856|952|953|9
857|954|955|9
858|956|957|9
717|959|960|8
718|961|962|8
719|963|964|8
720|965|966|8
435|968|979|7
672|969|970|8
673|971|972|8
674|973|974|8
675|975|976|8
676|977|978|8
380|981|982|6
131|984|985|5
23|987|988|4
16|990|1005|3
374|991|992|4
375|993|994|4
376|995|1000|4
577|996|997|5
578|998|999|5
377|1001|1002|4
378|1003|1004|4
11|1007|1180|2
38|1008|1047|3
171|1009|1014|4
467|1010|1011|5
468|1012|1013|5
172|1015|1026|4
799|1016|1017|5
800|1018|1019|5
801|1020|1021|5
802|1022|1023|5
803|1024|1025|5
173|1027|1046|4
286|1028|1043|5
742|1029|1034|6
919|1030|1031|7
920|1032|1033|7
743|1035|1036|6
744|1037|1038|6
745|1039|1040|6
746|1041|1042|6
287|1044|1045|5
39|1048|1173|3
45|1049|1080|4
229|1050|1051|5
230|1052|1053|5
231|1054|1071|5
532|1055|1066|6
584|1056|1057|7
585|1058|1059|7
586|1060|1061|7
587|1062|1063|7
588|1064|1065|7
533|1067|1068|6
534|1069|1070|6
232|1072|1073|5
233|1074|1079|5
436|1075|1076|6
437|1077|1078|6
46|1081|1090|4
183|1082|1083|5
184|1084|1089|5
696|1085|1086|6
697|1087|1088|6
47|1091|1100|4
313|1092|1093|5
314|1094|1099|5
479|1095|1096|6
480|1097|1098|6
48|1101|1134|4
191|1102|1129|5
339|1103|1126|6
341|1104|1113|7
352|1105|1106|8
353|1107|1108|8
354|1109|1110|8
355|1111|1112|8
342|1114|1115|7
343|1116|1125|7
933|1117|1118|8
934|1119|1120|8
935|1121|1122|8
936|1123|1124|8
340|1127|1128|6
192|1130|1131|5
193|1132|1133|5
49|1135|1172|4
283|1136|1167|5
292|1137|1138|6
293|1139|1150|6
788|1140|1141|7
789|1142|1147|7
859|1143|1144|8
860|1145|1146|8
790|1148|1149|7
294|1151|1162|6
868|1152|1153|7
869|1154|1155|7
870|1156|1157|7
871|1158|1159|7
872|1160|1161|7
295|1163|1164|6
296|1165|1166|6
284|1168|1169|5
285|1170|1171|5
40|1174|1179|3
114|1175|1176|4
115|1177|1178|4
12|1181|1308|2
24|1182|1195|3
139|1183|1184|4
140|1185|1192|4
686|1186|1187|5
687|1188|1189|5
688|1190|1191|5
141|1193|1194|4
25|1196|1227|3
187|1197|1206|4
967|1198|1199|5
968|1200|1201|5
969|1202|1203|5
970|1204|1205|5
188|1207|1208|4
189|1209|1210|4
190|1211|1226|4
253|1212|1217|5
937|1213|1214|6
938|1215|1216|6
254|1218|1223|5
443|1219|1220|6
444|1221|1222|6
255|1224|1225|5
26|1228|1299|3
134|1229|1276|4
411|1230|1231|5
412|1232|1233|5
413|1234|1275|5
458|1235|1236|6
459|1237|1264|6
491|1238|1253|7
645|1239|1246|8
853|1240|1241|9
854|1242|1243|9
855|1244|1245|9
646|1247|1248|8
647|1249|1250|8
648|1251|1252|8
492|1254|1261|7
779|1255|1256|8
780|1257|1258|8
781|1259|1260|8
493|1262|1263|7
460|1265|1266|6
461|1267|1272|6
897|1268|1269|7
898|1270|1271|7
462|1273|1274|6
135|1277|1278|4
136|1279|1288|4
158|1280|1281|5
159|1282|1283|5
160|1284|1285|5
161|1286|1287|5
137|1289|1296|4
416|1290|1291|5
417|1292|1293|5
418|1294|1295|5
138|1297|1298|4
27|1300|1305|3
724|1301|1302|4
725|1303|1304|4
28|1306|1307|3
4|1310|1337|1
589|1311|1312|2
590|1313|1320|2
903|1314|1315|3
904|1316|1317|3
905|1318|1319|3
591|1321|1336|2
660|1322|1329|3
836|1323|1324|4
837|1325|1326|4
838|1327|1328|4
661|1330|1331|3
662|1332|1333|3
663|1334|1335|3
5|1338|1999|1
17|1339|1340|2
18|1341|1714|2
53|1342|1361|3
256|1343|1344|4
257|1345|1346|4
258|1347|1348|4
259|1349|1354|4
582|1350|1351|5
583|1352|1353|5
260|1355|1360|4
372|1356|1357|5
373|1358|1359|5
54|1362|1385|3
89|1363|1370|4
698|1364|1365|5
699|1366|1367|5
700|1368|1369|5
90|1371|1372|4
91|1373|1382|4
162|1374|1375|5
163|1376|1377|5
164|1378|1379|5
165|1380|1381|5
92|1383|1384|4
55|1386|1417|3
71|1387|1410|4
265|1388|1405|5
336|1389|1390|6
337|1391|1402|6
592|1392|1393|7
593|1394|1395|7
594|1396|1397|7
595|1398|1399|7
596|1400|1401|7
338|1403|1404|6
266|1406|1407|5
267|1408|1409|5
72|1411|1416|4
557|1412|1413|5
558|1414|1415|5
56|1418|1565|3
102|1419|1480|4
239|1420|1421|5
240|1422|1423|5
241|1424|1461|5
344|1425|1426|6
345|1427|1460|6
729|1428|1429|7
730|1430|1441|7
752|1431|1432|8
753|1433|1434|8
754|1435|1436|8
755|1437|1438|8
756|1439|1440|8
731|1442|1447|7
899|1443|1444|8
900|1445|1446|8
732|1448|1457|7
924|1449|1450|8
925|1451|1452|8
926|1453|1454|8
927|1455|1456|8
733|1458|1459|7
242|1462|1463|5
243|1464|1479|5
484|1465|1466|6
485|1467|1478|6
548|1468|1469|7
549|1470|1471|7
550|1472|1473|7
551|1474|1475|7
552|1476|1477|7
103|1481|1532|4
181|1482|1529|5
205|1483|1484|6
206|1485|1486|6
207|1487|1514|6
423|1488|1489|7
424|1490|1491|7
425|1492|1511|7
611|1493|1494|8
612|1495|1506|8
822|1496|1497|9
823|1498|1499|9
824|1500|1501|9
825|1502|1503|9
826|1504|1505|9
613|1507|1508|8
614|1509|1510|8
426|1512|1513|7
208|1515|1526|6
863|1516|1517|7
864|1518|1519|7
865|1520|1521|7
866|1522|1523|7
867|1524|1525|7
209|1527|1528|6
182|1530|1531|5
104|1533|1564|4
389|1534|1535|5
390|1536|1551|5
911|1537|1538|6
912|1539|1550|6
996|1540|1541|7
997|1542|1543|7
998|1544|1545|7
999|1546|1547|7
1000|1548|1549|7
391|1552|1563|5
815|1553|1554|6
816|1555|1556|6
817|1557|1558|6
818|1559|1560|6
819|1561|1562|6
57|1566|1713|3
63|1567|1652|4
212|1568|1569|5
213|1570|1597|5
523|1571|1572|6
524|1573|1574|6
525|1575|1580|6
680|1576|1577|7
681|1578|1579|7
526|1581|1582|6
527|1583|1596|6
642|1584|1591|7
726|1585|1586|8
727|1587|1588|8
728|1589|1590|8
643|1592|1593|7
644|1594|1595|7
214|1598|1633|5
261|1599|1610|6
513|1600|1605|7
605|1601|1602|8
606|1603|1604|8
514|1606|1607|7
515|1608|1609|7
262|1611|1632|6
302|1612|1613|7
303|1614|1615|7
304|1616|1627|7
364|1617|1622|8
873|1618|1619|9
874|1620|1621|9
365|1623|1624|8
366|1625|1626|8
305|1628|1629|7
306|1630|1631|7
215|1634|1643|5
360|1635|1636|6
361|1637|1638|6
362|1639|1640|6
363|1641|1642|6
216|1644|1651|5
326|1645|1646|6
327|1647|1648|6
328|1649|1650|6
64|1653|1658|4
174|1654|1655|5
175|1656|1657|5
65|1659|1712|4
107|1660|1669|5
185|1661|1666|6
906|1662|1663|7
907|1664|1665|7
186|1667|1668|6
108|1670|1671|5
109|1672|1711|5
116|1673|1680|6
908|1674|1675|7
909|1676|1677|7
910|1678|1679|7
117|1681|1706|6
597|1682|1683|7
598|1684|1695|7
958|1685|1686|8
959|1687|1688|8
960|1689|1690|8
961|1691|1692|8
962|1693|1694|8
599|1696|1703|7
677|1697|1698|8
678|1699|1700|8
679|1701|1702|8
600|1704|1705|7
118|1707|1708|6
119|1709|1710|6
19|1715|1998|2
60|1716|1737|3
155|1717|1718|4
156|1719|1720|4
157|1721|1736|4
449|1722|1723|5
450|1724|1725|5
451|1726|1733|5
629|1727|1728|6
630|1729|1730|6
631|1731|1732|6
452|1734|1735|5
61|1738|1969|3
66|1739|1740|4
67|1741|1756|4
334|1742|1753|5
987|1743|1744|6
988|1745|1746|6
989|1747|1748|6
990|1749|1750|6
991|1751|1752|6
335|1754|1755|5
68|1757|1858|4
150|1758|1771|5
385|1759|1764|6
405|1760|1761|7
406|1762|1763|7
386|1765|1766|6
387|1767|1768|6
388|1769|1770|6
151|1772|1797|5
217|1773|1774|6
218|1775|1790|6
632|1776|1781|7
861|1777|1778|8
862|1779|1780|8
633|1782|1783|7
634|1784|1785|7
635|1786|1787|7
636|1788|1789|7
219|1791|1792|6
220|1793|1794|6
221|1795|1796|6
152|1798|1831|5
310|1799|1816|6
481|1800|1801|7
482|1802|1813|7
842|1803|1804|8
843|1805|1806|8
844|1807|1808|8
845|1809|1810|8
846|1811|1812|8
483|1814|1815|7
311|1817|1828|6
331|1818|1819|7
332|1820|1821|7
333|1822|1827|7
518|1823|1824|8
519|1825|1826|8
312|1829|1830|6
153|1832|1855|5
734|1833|1838|6
847|1834|1835|7
848|1836|1837|7
735|1839|1852|6
839|1840|1847|7
921|1841|1842|8
922|1843|1844|8
923|1845|1846|8
840|1848|1849|7
841|1850|1851|7
736|1853|1854|6
154|1856|1857|5
69|1859|1860|4
70|1861|1968|4
126|1862|1863|5
127|1864|1965|5
194|1865|1892|6
497|1866|1883|7
892|1867|1868|8
893|1869|1870|8
894|1871|1872|8
895|1873|1874|8
896|1875|1882|8
913|1876|1877|9
914|1878|1879|9
915|1880|1881|9
498|1884|1885|7
499|1886|1887|7
500|1888|1889|7
501|1890|1891|7
195|1893|1894|6
196|1895|1954|6
348|1896|1903|7
579|1897|1898|8
580|1899|1900|8
581|1901|1902|8
349|1904|1925|7
538|1905|1914|8
689|1906|1907|9
690|1908|1909|9
691|1910|1911|9
692|1912|1913|9
539|1915|1916|8
540|1917|1922|8
786|1918|1919|9
787|1920|1921|9
541|1923|1924|8
350|1926|1951|7
472|1927|1928|8
473|1929|1948|8
782|1930|1931|9
783|1932|1933|9
784|1934|1945|9
808|1935|1936|10
809|1937|1938|10
810|1939|1940|10
811|1941|1942|10
812|1943|1944|10
785|1946|1947|9
474|1949|1950|8
351|1952|1953|7
197|1955|1956|6
198|1957|1964|6
947|1958|1959|7
948|1960|1961|7
949|1962|1963|7
128|1966|1967|5
62|1970|1997|3
535|1971|1992|4
625|1972|1973|5
626|1974|1987|5
849|1975|1976|6
850|1977|1982|6
956|1978|1979|7
957|1980|1981|7
851|1983|1984|6
852|1985|1986|6
627|1988|1989|5
628|1990|1991|5
536|1993|1994|4
537|1995|1996|4
