1681|8|9|7
2040|11|12|8
7801|18|19|11
5592|21|22|10
5593|23|24|10
5717|28|29|11
7905|31|32|12
2645|36|37|11
2646|38|39|11
9133|44|45|13
9788|51|52|14
9789|53|54|14
6992|56|57|13
4400|59|60|12
9957|63|64|14
9958|65|66|14
8491|68|69|13
8492|70|71|13
2381|76|77|9
8943|83|84|8
9057|86|87|9
8945|89|90|8
5142|97|98|8
5693|101|102|8
5694|103|104|8
3635|106|107|7
3630|112|113|9
2229|117|118|8
8760|122|123|11
8761|124|125|11
9916|128|129|11
5444|143|144|12
9739|151|152|14
9740|153|154|14
9741|155|156|14
6812|158|159|13
6813|160|161|13
4432|163|164|12
3252|166|167|11
4441|171|172|10
6158|174|175|11
1186|181|182|8
8303|186|187|11
8304|188|189|11
8305|190|191|11
1862|193|194|10
8349|199|200|14
7699|203|204|14
7700|205|206|14
6389|208|209|13
4474|211|212|12
5163|214|215|13
9648|219|220|12
9594|229|230|10
9595|231|232|10
9596|233|234|10
5988|240|241|11
8846|243|244|12
9220|246|247|13
9221|248|249|13
9222|250|251|13
6144|255|256|12
6145|257|258|12
6146|259|260|12
5758|266|267|11
5250|270|271|11
5251|272|273|11
6666|277|278|10
5628|287|288|6
9670|291|292|8
9671|293|294|8
9672|295|296|8
6244|298|299|7
2195|305|306|8
2196|307|308|8
5222|312|313|9
5980|318|319|11
5007|321|322|10
5008|323|324|10
7876|332|333|13
7877|334|335|13
7878|336|337|13
9710|342|343|13
9711|344|345|13
9712|346|347|13
9584|352|353|11
9585|354|355|11
9586|356|357|11
2413|363|364|8
2418|366|367|9
9859|370|371|9
9860|372|373|9
857|378|379|7
5429|388|389|9
5430|390|391|9
4090|393|394|8
6294|398|399|9
9825|401|402|10
9826|403|404|10
2443|407|408|8
8638|416|417|11
9730|419|420|12
9731|421|422|12
8640|424|425|11
6598|427|428|10
8061|431|432|10
8730|434|435|11
8731|436|437|11
8063|439|440|10
4771|442|443|9
4284|445|446|8
5913|450|451|9
7765|454|455|11
9899|457|458|12
9900|459|460|12
9901|461|462|12
7767|464|465|11
7058|467|468|10
7059|469|470|10
6487|479|480|10
6938|482|483|11
7940|485|486|12
6940|488|489|11
3610|493|494|10
9203|498|499|13
9204|500|501|13
4796|504|505|13
4011|508|509|11
4271|511|512|12
3540|516|517|9
3433|519|520|8
6180|530|531|11
9385|533|534|12
9386|535|536|12
7470|540|541|11
3233|548|549|11
4224|553|554|12
5048|558|559|13
5049|560|561|13
5050|562|563|13
2804|568|569|11
5324|573|574|14
1273|582|583|9
3066|587|588|8
5445|591|592|10
5446|593|594|10
5447|595|596|10
4190|598|599|9
4191|600|601|9
9028|605|606|10
9029|607|608|10
8844|610|611|9
8845|612|613|9
7736|619|620|10
8906|622|623|11
8907|624|625|11
7738|627|628|10
2658|635|636|8
2900|639|640|10
8574|644|645|13
8575|646|647|13
3768|654|655|11
4483|658|659|13
9734|661|662|14
9735|663|664|14
9150|669|670|14
9151|671|672|14
7410|675|676|14
8997|678|679|15
6420|685|686|12
9592|689|690|14
9593|691|692|14
8521|695|696|14
8069|698|699|13
2750|704|705|9
4508|712|713|11
4509|714|715|11
4510|716|717|11
5276|720|721|11
8641|728|729|11
9432|731|732|12
9433|733|734|12
8643|736|737|11
6039|744|745|11
6040|746|747|11
6063|750|751|11
6768|753|754|12
6065|756|757|11
9974|762|763|11
9975|764|765|11
9365|768|769|11
9366|770|771|11
8036|773|774|10
3192|776|777|9
8306|785|786|12
8307|787|788|12
5911|791|792|10
5912|793|794|10
4747|797|798|10
6595|800|801|11
6596|802|803|11
6215|806|807|11
6030|811|812|10
6031|813|814|10
7818|822|823|9
3668|829|830|6
7611|844|845|13
9138|847|848|14
9139|849|850|14
9971|852|853|15
9972|854|855|15
9973|856|857|15
3426|866|867|13
3427|868|869|13
6472|871|872|14
2549|875|876|12
2655|883|884|14
2268|886|887|13
9375|893|894|18
9376|895|896|18
9377|897|898|18
9116|900|901|17
6805|903|904|16
6785|907|908|16
8429|912|913|17
8430|914|915|17
7342|917|918|16
6037|921|922|14
8948|926|927|13
9820|929|930|14
9821|931|932|14
9822|933|934|14
2224|937|938|12
4020|941|942|12
4021|943|944|12
7889|946|947|13
7890|948|949|13
7891|950|951|13
1122|956|957|9
8124|960|961|11
8125|962|963|11
6106|966|967|11
6107|968|969|11
9844|973|974|12
8106|976|977|11
9281|979|980|12
9282|981|982|12
9283|983|984|12
6910|994|995|11
6911|996|997|11
8148|1002|1003|13
4536|1008|1009|11
7333|1015|1016|12
9183|1018|1019|13
9184|1020|1021|13
9530|1025|1026|14
9531|1027|1028|14
9583|1030|1031|15
8301|1034|1035|13
8302|1036|1037|13
6867|1040|1041|11
8469|1050|1051|13
5707|1053|1054|12
5969|1058|1059|13
5970|1060|1061|13
4954|1066|1067|15
6345|1069|1070|16
6346|1071|1072|16
6111|1078|1079|17
5484|1082|1083|17
3508|1086|1087|15
7625|1091|1092|16
9163|1094|1095|17
9186|1097|1098|18
9187|1099|1100|18
9188|1101|1102|18
9165|1104|1105|17
7627|1107|1108|16
8991|1111|1112|16
8992|1113|1114|16
8793|1117|1118|16
8794|1119|1120|16
5569|1125|1126|14
2627|1130|1131|11
3173|1135|1136|12
1848|1139|1140|10
5403|1148|1149|9
5687|1151|1152|10
1533|1156|1157|9
5518|1160|1161|9
5519|1162|1163|9
5545|1169|1170|10
9738|1173|1174|12
8564|1176|1177|11
8565|1178|1179|11
3647|1189|1190|10
7345|1193|1194|10
9743|1197|1198|10
9744|1199|1200|10
9745|1201|1202|10
6395|1207|1208|10
6396|1209|1210|10
6397|1211|1212|10
8588|1216|1217|11
8589|1218|1219|11
6485|1221|1222|10
6825|1224|1225|11
5525|1228|1229|9
8018|1233|1234|10
8019|1235|1236|10
8020|1237|1238|10
6844|1242|1243|11
4084|1246|1247|11
6553|1249|1250|12
6554|1251|1252|12
6555|1253|1254|12
5320|1257|1258|12
5321|1259|1260|12
4502|1265|1266|10
4132|1276|1277|9
6862|1281|1282|10
7514|1285|1286|12
7515|1287|1288|12
7516|1289|1290|12
7193|1292|1293|11
2481|1299|1300|12
6887|1303|1304|12
6888|1305|1306|12
6889|1307|1308|12
5783|1313|1314|14
8978|1316|1317|15
8979|1318|1319|15
9041|1321|1322|16
5785|1325|1326|14
4897|1335|1336|12
4898|1337|1338|12
7572|1341|1342|14
7573|1343|1344|14
8538|1346|1347|15
8539|1348|1349|15
8540|1350|1351|15
5737|1354|1355|13
5738|1356|1357|13
7088|1362|1363|11
7089|1364|1365|11
9173|1377|1378|16
9174|1379|1380|16
6434|1382|1383|15
6080|1386|1387|15
6081|1388|1389|15
9845|1394|1395|15
9846|1396|1397|15
4496|1399|1400|14
2053|1410|1411|9
1175|1415|1416|8
6566|1419|1420|10
6784|1422|1423|11
6568|1425|1426|10
1010|1433|1434|8
2589|1437|1438|10
1993|1445|1446|10
1994|1447|1448|10
9090|1455|1456|14
7768|1460|1461|15
6918|1463|1464|14
7142|1467|1468|14
7143|1469|1470|14
8298|1472|1473|15
8299|1474|1475|15
3710|1479|1480|12
3711|1481|1482|12
9503|1485|1486|12
7985|1492|1493|15
5491|1496|1497|13
9673|1503|1504|16
9674|1505|1506|16
9675|1507|1508|16
6470|1511|1512|14
6471|1513|1514|14
5148|1516|1517|13
5149|1518|1519|13
4675|1521|1522|12
1792|1525|1526|10
651|1532|1533|9
4649|1536|1537|11
2522|1547|1548|8
3636|1552|1553|9
3637|1554|1555|9
5361|1566|1567|13
5362|1568|1569|13
3970|1571|1572|12
5420|1575|1576|12
8613|1579|1580|12
4654|1586|1587|9
843|1591|1592|8
8772|1597|1598|12
5301|1601|1602|12
4868|1608|1609|11
4869|1610|1611|11
902|1616|1617|9
4416|1621|1622|12
4417|1623|1624|12
4418|1625|1626|12
8290|1638|1639|11
7125|1642|1643|11
7126|1644|1645|11
9776|1647|1648|12
6460|1651|1652|10
9248|1655|1656|10
9249|1657|1658|10
1381|1671|1672|10
6916|1676|1677|13
9357|1680|1681|13
9358|1682|1683|13
9359|1684|1685|13
6693|1688|1689|13
3591|1693|1694|12
4727|1696|1697|13
4359|1702|1703|11
6327|1705|1706|12
9960|1709|1710|14
5150|1721|1722|10
5151|1723|1724|10
8832|1726|1727|11
7324|1732|1733|11
9212|1735|1736|12
4920|1742|1743|13
4921|1744|1745|13
4922|1746|1747|13
2460|1751|1752|10
5823|1756|1757|9
6656|1763|1764|10
6657|1765|1766|10
9511|1768|1769|11
914|1773|1774|8
915|1775|1776|8
3719|1783|1784|10
4176|1787|1788|10
8942|1793|1794|12
9896|1800|1801|15
9897|1802|1803|15
9752|1808|1809|15
9753|1810|1811|15
3206|1817|1818|10
9512|1822|1823|13
9513|1824|1825|13
9514|1826|1827|13
4500|1829|1830|12
4501|1831|1832|12
7659|1835|1836|12
7660|1837|1838|12
5803|1841|1842|12
5804|1843|1844|12
5805|1845|1846|12
3748|1855|1856|8
7616|1858|1859|9
6452|1864|1865|11
6453|1866|1867|11
8211|1870|1871|13
8212|1872|1873|13
4203|1878|1879|9
4204|1880|1881|9
3500|1884|1885|7
4452|1897|1898|14
4453|1899|1900|14
4454|1901|1902|14
5724|1905|1906|14
5725|1907|1908|14
8952|1915|1916|16
9504|1920|1921|15
9505|1922|1923|15
9506|1924|1925|15
7188|1927|1928|14
8289|1933|1934|14
4652|1937|1938|14
8281|1943|1944|16
8572|1946|1947|17
8573|1948|1949|17
9484|1952|1953|17
9485|1954|1955|17
6075|1959|1960|14
6076|1961|1962|14
7749|1968|1969|13
9056|1973|1974|14
3987|1977|1978|14
7874|1980|1981|15
7875|1982|1983|15
5492|1989|1990|14
6009|1992|1993|15
6010|1994|1995|15
8471|1998|1999|17
8472|2000|2001|17
5494|2005|2006|14
4653|2017|2018|12
3312|2020|2021|11
3313|2022|2023|11
8416|2029|2030|14
8417|2031|2032|14
9195|2034|2035|15
9235|2037|2038|16
9141|2044|2045|15
5892|2048|2049|15
4759|2053|2054|14
4760|2055|2056|14
4937|2061|2062|14
4938|2063|2064|14
6390|2067|2068|14
6391|2069|2070|14
4613|2072|2073|13
1161|2078|2079|11
9495|2081|2082|12
7378|2089|2090|16
7379|2091|2092|16
6632|2095|2096|16
5676|2098|2099|15
3290|2101|2102|14
9345|2114|2115|15
9346|2116|2117|15
9347|2118|2119|15
3060|2121|2122|14
3061|2123|2124|14
5071|2130|2131|15
5219|2135|2136|14
7220|2139|2140|16
8012|2142|2143|17
8013|2144|2145|17
8014|2146|2147|17
7710|2151|2152|16
7711|2153|2154|16
5221|2157|2158|14
3354|2160|2161|13
6941|2168|2169|13
8604|2171|2172|14
8605|2173|2174|14
6943|2176|2177|13
4825|2179|2180|12
7819|2182|2183|13
4062|2186|2187|11
5522|2190|2191|13
4553|2193|2194|12
8986|2207|2208|16
8987|2209|2210|16
8988|2211|2212|16
3594|2214|2215|15
3595|2216|2217|15
8557|2220|2221|15
6000|2224|2225|15
2767|2230|2231|15
3169|2235|2236|16
5192|2238|2239|17
9209|2247|2248|16
9210|2249|2250|16
9211|2251|2252|16
4732|2254|2255|15
7575|2258|2259|15
7576|2260|2261|15
7577|2262|2263|15
8330|2266|2267|15
8331|2268|2269|15
2416|2274|2275|13
7135|2280|2281|13
7136|2282|2283|13
9426|2287|2288|14
9427|2289|2290|14
2997|2295|2296|12
4558|2299|2300|14
4559|2301|2302|14
3350|2304|2305|13
8570|2308|2309|15
8571|2310|2311|15
6949|2313|2314|14
3360|2318|2319|13
7454|2321|2322|14
7455|2323|2324|14
654|2329|2330|10
3065|2335|2336|12
8089|2348|2349|13
8615|2352|2353|13
7909|2355|2356|12
6326|2359|2360|12
3659|2362|2363|11
2820|2365|2366|10
5088|2369|2370|10
5089|2371|2372|10
6324|2377|2378|12
6325|2379|2380|12
6549|2384|2385|11
8093|2391|2392|14
8094|2393|2394|14
8095|2395|2396|14
5684|2399|2400|14
5685|2401|2402|14
5686|2403|2404|14
5164|2408|2409|13
5165|2410|2411|13
3058|2416|2417|13
5091|2421|2422|14
5092|2423|2424|14
9823|2430|2431|17
9824|2432|2433|17
9451|2436|2437|15
9452|2438|2439|15
8583|2442|2443|15
8584|2444|2445|15
6763|2449|2450|16
4029|2452|2453|15
9889|2458|2459|15
9890|2460|2461|15
8341|2463|2464|14
9481|2476|2477|13
9482|2478|2479|13
9483|2480|2481|13
7509|2483|2484|12
6721|2486|2487|11
4804|2491|2492|10
4650|2502|2503|11
8088|2505|2506|12
6088|2512|2513|13
4627|2516|2517|13
4628|2518|2519|13
4629|2520|2521|13
5954|2525|2526|14
5955|2527|2528|14
7522|2531|2532|14
7523|2533|2534|14
2372|2541|2542|10
5355|2546|2547|13
9215|2549|2550|14
9216|2551|2552|14
9217|2553|2554|14
2918|2557|2558|12
6607|2569|2570|14
8790|2573|2574|14
8791|2575|2576|14
8172|2579|2580|14
8173|2581|2582|14
5568|2586|2587|13
2939|2591|2592|12
6371|2596|2597|13
8732|2599|2600|14
8733|2601|2602|14
7597|2605|2606|14
5881|2611|2612|14
5882|2613|2614|14
5560|2616|2617|13
7491|2619|2620|14
8717|2624|2625|13
6284|2632|2633|11
6285|2634|2635|11
7321|2638|2639|11
7322|2640|2641|11
7323|2642|2643|11
4120|2646|2647|11
3504|2651|2652|10
3505|2653|2654|10
3506|2655|2656|10
6308|2662|2663|9
5452|2674|2675|9
5453|2676|2677|9
5454|2678|2679|9
3162|2682|2683|9
9987|2687|2688|12
4837|2692|2693|13
7696|2696|2697|15
7530|2699|2700|14
7531|2701|2702|14
5455|2705|2706|14
8594|2708|2709|15
8595|2710|2711|15
7263|2716|2717|13
7264|2718|2719|13
7265|2720|2721|13
8901|2726|2727|15
9145|2730|2731|17
9146|2732|2733|17
9147|2734|2735|17
9010|2738|2739|17
8903|2742|2743|15
7435|2745|2746|14
5256|2748|2749|13
5257|2750|2751|13
7879|2756|2757|13
9323|2760|2761|13
9324|2762|2763|13
6710|2765|2766|12
8040|2770|2771|11
8898|2781|2782|10
8899|2783|2784|10
8900|2785|2786|10
7047|2789|2790|10
9654|2795|2796|12
9655|2797|2798|12
7055|2801|2802|12
7056|2803|2804|12
3429|2812|2813|9
3430|2814|2815|9
7068|2820|2821|11
7886|2824|2825|11
5242|2827|2828|10
4248|2830|2831|9
1016|2833|2834|8
9855|2844|2845|11
3141|2848|2849|11
7739|2852|2853|11
6020|2862|2863|11
6021|2864|2865|11
6333|2867|2868|12
9928|2872|2873|11
9929|2874|2875|11
5204|2877|2878|10
3487|2880|2881|9
7414|2885|2886|12
7415|2887|2888|12
7416|2889|2890|12
4560|2894|2895|11
6329|2897|2898|12
6330|2899|2900|12
6331|2901|2902|12
4562|2904|2905|11
5046|2909|2910|12
5987|2922|2923|9
2088|2930|2931|11
4295|2935|2936|10
4296|2937|2938|10
3599|2945|2946|10
3600|2947|2948|10
5503|2950|2951|11
4573|2956|2957|11
6904|2959|2960|12
9997|2963|2964|14
9998|2965|2966|14
7261|2968|2969|13
6906|2971|2972|12
7497|2975|2976|12
7498|2977|2978|12
7499|2979|2980|12
3534|2985|2986|10
3535|2987|2988|10
3536|2989|2990|10
7329|3000|3001|11
7330|3002|3003|11
7462|3009|3010|12
9850|3013|3014|14
9851|3015|3016|14
7464|3019|3020|12
5197|3025|3026|14
5198|3027|3028|14
4306|3030|3031|13
4307|3032|3033|13
9726|3036|3037|13
9727|3038|3039|13
5246|3045|3046|10
5247|3047|3048|10
5248|3049|3050|10
8458|3058|3059|13
8459|3060|3061|13
8460|3062|3063|13
5174|3067|3068|12
1494|3072|3073|9
8531|3077|3078|12
8532|3079|3080|12
8496|3082|3083|11
3143|3088|3089|9
3144|3090|3091|9
4177|3094|3095|11
4788|3098|3099|13
4789|3100|3101|13
4187|3103|3104|12
5513|3106|3107|13
3415|3111|3112|10
7927|3116|3117|13
7928|3118|3119|13
6982|3123|3124|12
7346|3126|3127|13
8096|3130|3131|15
9114|3133|3134|16
8541|3139|3140|14
8542|3141|3142|14
8543|3143|3144|14
6984|3147|3148|12
6796|3151|3152|12
6797|3153|3154|12
6798|3155|3156|12
4712|3166|3167|9
4713|3168|3169|9
6881|3172|3173|11
6882|3174|3175|11
5962|3180|3181|9
5963|3182|3183|9
5964|3184|3185|9
1629|3189|3190|8
1630|3191|3192|8
1631|3193|3194|8
4118|3201|3202|12
9606|3206|3207|15
9607|3208|3209|15
9608|3210|3211|15
7284|3214|3215|15
7206|3221|3222|12
7207|3223|3224|12
4882|3230|3231|13
2261|3234|3235|11
3098|3238|3239|13
4549|3241|3242|14
8267|3245|3246|16
7552|3249|3250|16
7553|3251|3252|16
5294|3254|3255|15
9736|3259|3260|16
9737|3261|3262|16
6738|3265|3266|16
6739|3267|3268|16
3100|3272|3273|13
1786|3278|3279|9
7117|3283|3284|10
7393|3287|3288|10
8751|3290|3291|11
8752|3292|3293|11
8753|3294|3295|11
9095|3299|3300|10
9096|3301|3302|10
8342|3309|3310|12
9801|3313|3314|12
3462|3317|3318|10
3463|3319|3320|10
6764|3323|3324|10
6765|3325|3326|10
2652|3338|3339|7
2937|3348|3349|11
5266|3352|3353|13
4321|3358|3359|11
2031|3363|3364|12
5504|3367|3368|12
7250|3371|3372|14
7251|3373|3374|14
5506|3377|3378|12
2714|3385|3386|12
5544|3391|3392|14
3789|3394|3395|13
869|3403|3404|10
5866|3409|3410|10
5867|3411|3412|10
9619|3414|3415|11
9620|3416|3417|11
9621|3418|3419|11
3620|3425|3426|12
3621|3427|3428|12
9300|3438|3439|19
9666|3441|3442|20
9302|3444|3445|19
6557|3447|3448|18
4044|3450|3451|17
4045|3452|3453|17
8497|3462|3463|17
4036|3467|3468|16
5547|3475|3476|16
8711|3479|3480|16
8712|3481|3482|16
9160|3484|3485|17
9161|3486|3487|17
2340|3491|3492|14
6179|3495|3496|16
5363|3499|3500|16
5726|3502|3503|17
3147|3508|3509|17
3148|3510|3511|17
3149|3512|3513|17
4765|3516|3517|17
6521|3521|3522|18
6522|3523|3524|18
5169|3527|3528|18
5170|3529|3530|18
9050|3534|3535|19
9051|3536|3537|19
9052|3538|3539|19
8782|3543|3544|20
9253|3546|3547|21
9254|3548|3549|21
9255|3550|3551|21
8373|3554|3555|19
8374|3556|3557|19
3797|3560|3561|19
9190|3564|3565|21
1893|3579|3580|12
9053|3583|3584|14
9528|3586|3587|15
9529|3588|3589|15
9055|3591|3592|14
6435|3599|3600|16
6572|3602|3603|17
6573|3604|3605|17
6574|3606|3607|17
3615|3611|3612|14
3401|3617|3618|12
6963|3623|3624|14
6964|3625|3626|14
6965|3627|3628|14
5135|3630|3631|13
2215|3634|3635|13
7487|3638|3639|15
6667|3643|3644|16
5318|3646|3647|15
6497|3649|3650|16
9417|3652|3653|17
9418|3654|3655|17
9419|3656|3657|17
9491|3664|3665|17
9492|3666|3667|17
9493|3668|3669|17
9667|3672|3673|17
9668|3674|3675|17
9669|3676|3677|17
9120|3679|3680|16
3395|3692|3693|9
4834|3696|3697|11
4835|3698|3699|11
6204|3701|3702|12
8528|3707|3708|12
8529|3709|3710|12
8530|3711|3712|12
4878|3716|3717|11
4879|3718|3719|11
3397|3722|3723|9
7539|3728|3729|11
9988|3732|3733|13
9989|3734|3735|13
9831|3737|3738|12
9832|3739|3740|12
7541|3742|3743|11
9922|3748|3749|13
6685|3751|3752|12
6686|3753|3754|12
5069|3756|3757|11
5070|3758|3759|11
5252|3768|3769|11
4923|3774|3775|13
4924|3776|3777|13
8737|3782|3783|15
3199|3788|3789|11
9399|3794|3795|13
9400|3796|3797|13
7634|3800|3801|11
7635|3802|3803|11
1390|3806|3807|9
9950|3809|3810|10
9951|3811|3812|10
9952|3813|3814|10
1025|3823|3824|10
4344|3827|3828|12
8352|3830|3831|13
9071|3833|3834|14
9072|3835|3836|14
9073|3837|3838|14
8354|3840|3841|13
5735|3844|3845|13
7229|3850|3851|13
7230|3852|3853|13
4133|3860|3861|13
4134|3862|3863|13
9036|3865|3866|14
9037|3867|3868|14
8139|3874|3875|13
8140|3876|3877|13
1525|3884|3885|11
7828|3888|3889|13
4900|3895|3896|12
9587|3900|3901|13
9588|3902|3903|13
9589|3904|3905|13
3909|3910|3911|13
3910|3912|3913|13
7715|3918|3919|15
7716|3920|3921|15
8338|3923|3924|16
8339|3925|3926|16
6722|3930|3931|15
7637|3937|3938|16
9902|3940|3941|17
9903|3942|3943|17
9904|3944|3945|17
7639|3947|3948|16
9340|3954|3955|17
9341|3956|3957|17
7979|3959|3960|16
6133|3962|3963|15
7105|3965|3966|16
7106|3967|3968|16
7107|3969|3970|16
5413|3975|3976|14
5414|3977|3978|14
7328|3982|3983|13
6446|3992|3993|15
7713|3995|3996|16
7620|4001|4002|16
7621|4003|4004|16
7622|4005|4006|16
7100|4010|4011|17
4530|4014|4015|17
4531|4016|4017|17
5933|4019|4020|18
7275|4025|4026|22
6241|4029|4030|20
7792|4033|4034|22
7793|4035|4036|22
7794|4037|4038|22
6589|4040|4041|21
6590|4042|4043|21
8295|4047|4048|20
8296|4049|4050|20
8297|4051|4052|20
9429|4055|4056|20
9430|4057|4058|20
8440|4062|4063|19
3094|4068|4069|15
1446|4074|4075|13
7357|4077|4078|14
8476|4080|4081|15
8882|4083|4084|16
8883|4085|4086|16
8884|4087|4088|16
4000|4095|4096|16
4001|4097|4098|16
4026|4102|4103|17
8683|4107|4108|18
8684|4109|4110|18
8685|4111|4112|18
4641|4114|4115|17
8414|4122|4123|19
8415|4124|4125|19
5029|4127|4128|18
5030|4129|4130|18
5562|4133|4134|18
5563|4135|4136|18
3441|4139|4140|16
3442|4141|4142|16
9852|4146|4147|15
9853|4148|4149|15
9854|4150|4151|15
1319|4158|4159|13
3823|4162|4163|15
3358|4166|4167|15
3359|4168|4169|15
7847|4172|4173|15
3519|4178|4179|13
3520|4180|4181|13
5020|4183|4184|14
1999|4188|4189|13
9733|4192|4193|15
3957|4198|4199|17
6743|4202|4203|19
6744|4204|4205|19
6745|4206|4207|19
7315|4210|4211|19
9058|4214|4215|19
9362|4217|4218|20
9363|4219|4220|20
9364|4221|4222|20
6077|4229|4230|18
2894|4234|4235|15
6946|4239|4240|16
894|4246|4247|11
3391|4252|4253|11
4538|4255|4256|12
3560|4270|4271|9
4801|4273|4274|10
6104|4278|4279|9
6105|4280|4281|9
2660|4286|4287|9
7843|4292|4293|11
2003|4296|4297|9
2286|4299|4300|10
2287|4301|4302|10
8950|4306|4307|13
8951|4308|4309|13
1924|4315|4316|8
1213|4319|4320|8
1214|4321|4322|8
4886|4331|4332|12
4543|4335|4336|12
4544|4337|4338|12
4545|4339|4340|12
3485|4343|4344|10
4895|4348|4349|9
5610|4354|4355|11
5611|4356|4357|11
3916|4359|4360|10
3917|4361|4362|10
9921|4367|4368|8
3231|4372|4373|9
3232|4374|4375|9
3622|4386|4387|9
5396|4389|4390|10
5397|4391|4392|10
5398|4393|4394|10
9333|4407|4408|6
9334|4409|4410|6
6496|4414|4415|7
5616|4418|4419|7
6800|4421|4422|8
6801|4423|4424|8
5618|4426|4427|7
6856|4430|4431|7
8860|4433|4434|8
8861|4435|4436|8
8862|4437|4438|8
7114|4447|4448|8
1528|4453|4454|6
6408|4457|4458|8
6409|4459|4460|8
6410|4461|4462|8
8201|4468|4469|9
8202|4470|4471|9
4131|4473|4474|8
3399|4476|4477|7
8015|4491|4492|12
8016|4493|4494|12
8017|4495|4496|12
6773|4504|4505|11
6401|4507|4508|10
6199|4517|4518|12
6200|4519|4520|12
4566|4522|4523|11
4567|4524|4525|11
2613|4527|4528|10
2614|4529|4530|10
7255|4534|4535|11
7256|4536|4537|11
2430|4541|4542|12
2431|4543|4544|12
8092|4549|4550|14
2995|4552|4553|13
2996|4554|4555|13
2454|4557|4558|12
4581|4561|4562|12
4582|4563|4564|12
4265|4568|4569|11
3828|4582|4583|7
3522|4587|4588|8
1702|4590|4591|7
4179|4594|4595|7
4180|4596|4597|7
4181|4598|4599|7
721|4604|4605|7
4776|4607|4608|8
8544|4611|4612|10
8545|4613|4614|10
7868|4616|4617|9
3790|4622|4623|9
8770|4627|4628|12
8771|4629|4630|12
8194|4632|4633|11
8058|4641|4642|12
6623|4644|4645|11
7836|4647|4648|12
7837|4649|4650|12
7838|4651|4652|12
4631|4655|4656|10
4632|4657|4658|10
3681|4660|4661|9
4033|4664|4665|9
7802|4679|4680|14
7803|4681|4682|14
6922|4684|4685|13
6923|4686|4687|13
9384|4691|4692|14
4435|4697|4698|14
4436|4699|4700|14
4589|4702|4703|15
4590|4704|4705|15
4591|4706|4707|15
6068|4711|4712|14
7559|4715|4716|16
7560|4717|4718|16
6724|4720|4721|15
9933|4724|4725|15
9934|4726|4727|15
6865|4733|4734|12
7546|4741|4742|12
8059|4744|4745|13
8060|4746|4747|13
3994|4750|4751|11
3995|4752|4753|11
8857|4758|4759|13
8858|4760|4761|13
8859|4762|4763|13
9742|4774|4775|9
6515|4777|4778|8
6543|4780|4781|9
8115|4783|4784|10
9891|4786|4787|11
9892|4788|4789|11
9893|4790|4791|11
8117|4793|4794|10
6545|4796|4797|9
8187|4807|4808|12
7405|4810|4811|11
4156|4814|4815|11
4157|4816|4817|11
7283|4823|4824|14
6777|4826|4827|13
6778|4828|4829|13
3974|4832|4833|11
3729|4838|4839|11
3730|4840|4841|11
3731|4842|4843|11
2578|4845|4846|10
4129|4851|4852|10
5126|4858|4859|13
7247|4861|4862|14
7248|4863|4864|14
8810|4866|4867|15
8811|4868|4869|15
8812|4870|4871|15
3030|4877|4878|12
3031|4879|4880|12
5495|4882|4883|13
8795|4885|4886|14
8796|4887|4888|14
8797|4889|4890|14
1898|4894|4895|11
1388|4897|4898|10
9818|4905|4906|10
9819|4907|4908|10
8657|4920|4921|9
8658|4922|4923|9
8659|4924|4925|9
8697|4928|4929|9
4841|4933|4934|10
6466|4936|4937|11
8757|4939|4940|12
8758|4941|4942|12
8759|4943|4944|12
6468|4946|4947|11
4843|4949|4950|10
4172|4952|4953|9
1549|4956|4957|7
6742|4959|4960|8
1426|4963|4964|6
5677|4970|4971|9
5678|4972|4973|9
5679|4974|4975|9
5899|4982|4983|13
9962|4986|4987|15
7518|4989|4990|14
7519|4991|4992|14
5901|4994|4995|13
8038|5004|5005|17
8039|5006|5007|17
5155|5010|5011|15
6537|5013|5014|16
6538|5015|5016|16
6539|5017|5018|16
6334|5022|5023|15
4256|5025|5026|14
4017|5028|5029|13
6552|5032|5033|13
9533|5036|5037|13
4223|5041|5042|12
2631|5045|5046|10
8280|5048|5049|11
4158|5054|5055|11
5570|5059|5060|12
7826|5062|5063|13
5572|5065|5066|12
5467|5068|5069|11
5468|5070|5071|11
5795|5076|5077|13
9093|5079|5080|14
9980|5084|5085|15
9981|5086|5087|15
9982|5088|5089|15
9967|5092|5093|15
9968|5094|5095|15
9969|5096|5097|15
6604|5099|5100|14
4232|5103|5104|12
1879|5108|5109|13
8749|5112|5113|15
8750|5114|5115|15
8820|5118|5119|15
8821|5120|5121|15
7500|5124|5125|15
7501|5126|5127|15
7571|5129|5130|16
6793|5137|5138|12
6794|5139|5140|12
6795|5141|5142|12
5621|5148|5149|9
7042|5152|5153|11
6171|5155|5156|10
6172|5157|5158|10
8346|5161|5162|10
9464|5164|5165|11
9465|5166|5167|11
9189|5170|5171|11
4778|5179|5180|8
4779|5181|5182|8
4780|5183|5184|8
2113|5187|5188|8
7892|5195|5196|14
7893|5197|5198|14
4065|5201|5202|12
2706|5205|5206|10
6654|5209|5210|10
9652|5212|5213|11
9653|5214|5215|11
5766|5223|5224|10
3728|5226|5227|9
3283|5232|5233|7
9233|5241|5242|8
9234|5243|5244|8
5767|5247|5248|8
9342|5250|5251|9
9614|5253|5254|10
9344|5256|5257|9
5769|5259|5260|8
7159|5264|5265|9
5411|5268|5269|9
5412|5270|5271|9
7548|5280|5281|11
8152|5283|5284|12
5177|5291|5292|12
3820|5295|5296|12
9569|5300|5301|15
9570|5302|5303|15
9571|5304|5305|15
8569|5308|5309|15
6706|5314|5315|13
8406|5317|5318|14
8407|5319|5320|14
2184|5324|5325|11
3716|5328|5329|11
6750|5332|5333|13
6751|5334|5335|13
7045|5338|5339|13
7046|5340|5341|13
5566|5343|5344|12
5332|5347|5348|12
7643|5350|5351|13
6231|5354|5355|13
4428|5361|5362|12
6015|5364|5365|13
6016|5366|5367|13
7649|5371|5372|14
9547|5376|5377|15
9548|5378|5379|15
4816|5382|5383|13
3218|5386|5387|11
2037|5400|5401|13
8149|5404|5405|15
8150|5406|5407|15
8343|5409|5410|16
8344|5411|5412|16
8345|5413|5414|16
8488|5424|5425|21
8704|5428|5429|23
8705|5430|5431|23
8706|5432|5433|23
8579|5435|5436|22
5139|5440|5441|21
8328|5443|5444|22
8777|5446|5447|23
8778|5448|5449|23
8622|5454|5455|23
7848|5462|5463|23
7849|5464|5465|23
9616|5467|5468|24
7593|5471|5472|22
4916|5476|5477|19
9993|5479|5480|20
9994|5481|5482|20
7757|5487|5488|18
3186|5490|5491|17
8577|5496|5497|19
4445|5505|5506|16
7024|5508|5509|17
7025|5510|5511|17
5080|5514|5515|17
2934|5518|5519|15
2378|5524|5525|13
4466|5532|5533|13
4467|5534|5535|13
8835|5538|5539|15
7958|5541|5542|14
7959|5543|5544|14
4088|5547|5548|12
9707|5552|5553|13
9708|5554|5555|13
7352|5557|5558|12
8422|5560|5561|13
8423|5562|5563|13
4707|5567|5568|12
6047|5570|5571|13
7471|5573|5574|14
7584|5576|5577|15
9068|5580|5581|15
9069|5582|5583|15
9070|5584|5585|15
4709|5589|5590|12
9848|5596|5597|13
8112|5600|5601|13
7965|5603|5604|12
5951|5606|5607|11
2737|5613|5614|12
2738|5615|5616|12
1974|5619|5620|12
3575|5623|5624|12
2641|5629|5630|12
2642|5631|5632|12
7822|5640|5641|15
7823|5642|5643|15
7824|5644|5645|15
6747|5647|5648|14
6748|5649|5650|14
6165|5652|5653|13
4419|5657|5658|14
4420|5659|5660|14
7524|5663|5664|16
7294|5666|5667|15
1907|5670|5671|13
1908|5672|5673|13
1537|5677|5678|12
1538|5679|5680|12
8404|5685|5686|14
5143|5691|5692|14
5144|5693|5694|14
4142|5698|5699|15
8996|5702|5703|15
8426|5707|5708|16
5488|5711|5712|16
5489|5713|5714|16
4971|5716|5717|15
7468|5722|5723|15
7469|5724|5725|15
9108|5730|5731|17
9109|5732|5733|17
9107|5735|5736|16
7862|5738|5739|15
7863|5740|5741|15
1274|5750|5751|11
4250|5755|5756|14
7513|5758|5759|15
2241|5763|5764|14
3241|5766|5767|15
9943|5773|5774|16
9944|5775|5776|16
9657|5778|5779|15
5214|5784|5785|13
3113|5790|5791|13
3114|5792|5793|13
8393|5795|5796|14
8634|5798|5799|15
8635|5800|5801|15
5520|5806|5807|13
5521|5808|5809|13
6645|5815|5816|16
6579|5819|5820|16
7600|5822|5823|17
8118|5825|5826|18
8119|5827|5828|18
8120|5829|5830|18
7602|5832|5833|17
6581|5835|5836|16
7387|5840|5841|15
7388|5842|5843|15
468|5852|5853|7
7921|5862|5863|11
9008|5865|5866|12
9009|5867|5868|12
8221|5871|5872|12
8958|5874|5875|13
8959|5876|5877|13
9360|5879|5880|14
9361|5881|5882|14
8223|5885|5886|12
9091|5892|5893|9
9092|5894|5895|9
6673|5900|5901|11
7445|5903|5904|12
7446|5905|5906|12
7447|5907|5908|12
6675|5910|5911|11
4881|5915|5916|10
4610|5918|5919|9
9985|5925|5926|10
9986|5927|5928|10
9320|5931|5932|10
9321|5933|5934|10
9322|5935|5936|10
5926|5940|5941|11
2465|5945|5946|8
2961|5948|5949|9
2488|5958|5959|11
2489|5960|5961|11
9561|5964|5965|13
9562|5966|5967|13
9563|5968|5969|13
5661|5976|5977|13
5662|5978|5979|13
7842|5982|5983|13
1939|5988|5989|9
9142|5992|5993|11
9143|5994|5995|11
9144|5996|5997|11
3090|5999|6000|10
9542|6003|6004|12
9543|6005|6006|12
9544|6007|6008|12
8924|6015|6016|10
8925|6017|6018|10
5244|6020|6021|9
5245|6022|6023|9
5290|6029|6030|10
5291|6031|6032|10
4959|6036|6037|11
3900|6039|6040|10
7894|6045|6046|10
9798|6049|6050|10
3891|6060|6061|9
7301|6063|6064|10
8466|6067|6068|12
8254|6071|6072|12
8255|6073|6074|12
7303|6077|6078|10
7231|6081|6082|10
3226|6086|6087|9
8419|6089|6090|10
7362|6094|6095|11
7363|6096|6097|11
6687|6100|6101|11
5434|6107|6108|8
9553|6111|6112|10
9554|6113|6114|10
7408|6116|6117|9
7409|6118|6119|9
1749|6124|6125|9
5191|6128|6129|11
4694|6139|6140|10
3861|6142|6143|9
4521|6145|6146|10
4522|6147|6148|10
5530|6150|6151|11
8134|6153|6154|12
6937|6162|6163|9
7015|6166|6167|9
7016|6168|6169|9
5603|6181|6182|6
5604|6183|6184|6
8130|6186|6187|7
8866|6189|6190|8
8867|6191|6192|8
9999|6201|6202|8
10000|6203|6204|8
776|6217|6218|6
9178|6224|6225|9
5749|6232|6233|9
5750|6234|6235|9
6959|6237|6238|10
6960|6239|6240|10
6961|6241|6242|10
7350|6246|6247|9
9540|6255|6256|10
1215|6259|6260|10
8837|6263|6264|12
8838|6265|6266|12
952|6270|6271|9
1342|6274|6275|9
8178|6284|6285|13
9110|6288|6289|13
9111|6290|6291|13
6551|6294|6295|11
6257|6297|6298|10
1222|6302|6303|11
874|6305|6306|10
3876|6310|6311|13
4524|6314|6315|13
8729|6318|6319|15
7741|6325|6326|16
7742|6327|6328|16
9262|6330|6331|17
9263|6332|6333|17
7238|6342|6343|15
3301|6346|6347|13
1963|6359|6360|8
2285|6362|6363|9
7065|6369|6370|12
7066|6371|6372|12
7641|6374|6375|13
8395|6377|6378|14
8396|6379|6380|14
4571|6384|6385|11
4572|6386|6387|11
8184|6390|6391|11
8185|6392|6393|11
4272|6397|6398|10
8452|6400|6401|11
8453|6402|6403|11
9250|6412|6413|11
9251|6414|6415|11
9252|6416|6417|11
8792|6420|6421|11
6810|6428|6429|13
8037|6434|6435|11
4402|6447|6448|8
2107|6451|6452|8
1968|6454|6455|7
1430|6458|6459|7
9806|6464|6465|7
9807|6466|6467|7
1784|6470|6471|7
4422|6478|6479|11
6135|6481|6482|12
9062|6485|6486|12
9063|6487|6488|12
9064|6489|6490|12
6033|6494|6495|11
9381|6498|6499|11
9382|6500|6501|11
9383|6502|6503|11
8023|6509|6510|12
8024|6511|6512|12
5085|6514|6515|11
5943|6523|6524|10
5944|6525|6526|10
4462|6528|6529|9
4463|6530|6531|9
6696|6539|6540|8
6697|6541|6542|8
8111|6544|6545|9
9700|6556|6557|15
9701|6558|6559|15
9702|6560|6561|15
8080|6564|6565|13
5682|6567|6568|12
5683|6569|6570|12
9624|6577|6578|16
9625|6579|6580|16
9626|6581|6582|16
7834|6585|6586|14
7835|6587|6588|14
7204|6590|6591|13
7205|6592|6593|13
5094|6595|6596|12
9047|6599|6600|14
9048|6601|6602|14
9049|6603|6604|14
8087|6612|6613|13
8803|6616|6617|13
9256|6619|6620|14
9257|6621|6622|14
8805|6624|6625|13
9373|6629|6630|12
9374|6631|6632|12
7295|6638|6639|11
7296|6640|6641|11
8503|6644|6645|11
8504|6646|6647|11
6214|6649|6650|10
7603|6653|6654|10
7604|6655|6656|10
7605|6657|6658|10
3939|6662|6663|9
4322|6676|6677|9
4323|6678|6679|9
9603|6682|6683|11
9604|6684|6685|11
9959|6687|6688|12
7151|6691|6692|10
2913|6698|6699|7
8625|6701|6702|8
8626|6703|6704|8
9910|6706|6707|9
2176|6714|6715|9
2177|6716|6717|9
9167|6719|6720|10
9445|6722|6723|11
9446|6724|6725|11
9447|6726|6727|11
9169|6729|6730|10
8814|6739|6740|12
8815|6741|6742|12
8816|6743|6744|12
3720|6748|6749|11
5702|6751|6752|12
8450|6754|6755|13
8451|6756|6757|13
5704|6759|6760|12
9102|6763|6764|12
9103|6765|6766|12
9104|6767|6768|12
5740|6776|6777|13
9045|6779|6780|14
9046|6781|6782|14
6619|6786|6787|13
6620|6788|6789|13
8170|6791|6792|14
8822|6797|6798|14
8823|6799|6800|14
8909|6802|6803|15
8910|6804|6805|15
8911|6806|6807|15
2721|6812|6813|11
9478|6820|6821|13
9479|6822|6823|13
8720|6826|6827|13
8721|6828|6829|13
8722|6830|6831|13
8000|6833|6834|12
6754|6836|6837|11
3475|6845|6846|12
3552|6848|6849|13
3863|6851|6852|14
5757|6855|6856|16
7216|6860|6861|15
5185|6867|6868|12
5186|6869|6870|12
5187|6871|6872|12
3316|6874|6875|11
3175|6877|6878|10
4013|6880|6881|11
4014|6882|6883|11
4647|6885|6886|12
4648|6887|6888|12
6787|6896|6897|9
6788|6898|6899|9
8007|6901|6902|10
2220|6906|6907|9
6101|6910|6911|11
6102|6912|6913|11
6103|6914|6915|11
7935|6919|6920|12
8561|6922|6923|13
8800|6932|6933|11
8801|6934|6935|11
8802|6936|6937|11
1590|6948|6949|9
1591|6950|6951|9
8447|6953|6954|10
9680|6956|6957|11
9681|6958|6959|11
8449|6961|6962|10
1087|6965|6966|8
920|6968|6969|7
8914|6975|6976|12
8915|6977|6978|12
8916|6979|6980|12
4930|6982|6983|11
5113|6987|6988|10
5114|6989|6990|10
5217|6992|6993|11
9287|6997|6998|10
9872|7000|7001|11
9873|7002|7003|11
7406|7015|7016|8
5302|7019|7020|8
5303|7021|7022|8
9208|7025|7026|10
8421|7028|7029|9
7316|7040|7041|13
8236|7043|7044|14
8965|7046|7047|15
8966|7048|7049|15
4332|7053|7054|12
4333|7055|7056|12
3814|7058|7059|11
8628|7062|7063|13
8961|7065|7066|14
8962|7067|7068|14
8630|7070|7071|13
6803|7075|7076|14
8930|7079|7080|14
8931|7081|7082|14
6424|7084|7085|13
2955|7092|7093|11
2956|7094|7095|11
4656|7097|7098|12
4657|7099|7100|12
8908|7106|7107|13
5391|7111|7112|12
5392|7113|7114|12
6999|7118|7119|13
7000|7120|7121|13
7001|7122|7123|13
553|7128|7129|9
4728|7140|7141|11
6377|7144|7145|13
7852|7147|7148|14
7853|7149|7150|14
8591|7153|7154|14
8592|7155|7156|14
8851|7158|7159|15
8852|7160|7161|15
8853|7162|7163|15
5869|7169|7170|12
8213|7172|7173|13
8041|7176|7177|13
3015|7182|7183|11
8686|7187|7188|14
8687|7189|7190|14
8409|7192|7193|13
5461|7196|7197|13
5462|7198|7199|13
6428|7202|7203|13
7439|7205|7206|14
7440|7207|7208|14
6899|7219|7220|14
6900|7221|7222|14
6970|7227|7228|16
7465|7230|7231|17
7910|7233|7234|18
7911|7235|7236|18
7912|7237|7238|18
9339|7241|7242|18
8006|7246|7247|17
9536|7251|7252|16
5670|7254|7255|15
9719|7260|7261|13
9720|7262|7263|13
6781|7269|7270|14
9629|7272|7273|15
9630|7274|7275|15
9631|7276|7277|15
8512|7280|7281|15
8513|7282|7283|15
8514|7284|7285|15
4557|7289|7290|12
2433|7295|7296|10
9273|7300|7301|13
9274|7302|7303|13
9275|7304|7305|13
6676|7309|7310|12
6677|7311|7312|12
6678|7313|7314|12
3498|7316|7317|11
2435|7319|7320|10
7697|7328|7329|13
7698|7330|7331|13
6902|7333|7334|12
6903|7335|7336|12
4793|7345|7346|10
2799|7348|7349|9
2801|7351|7352|10
7262|7355|7356|12
3696|7360|7361|11
7274|7364|7365|13
7420|7368|7369|13
7421|7370|7371|13
7422|7372|7373|13
1479|7380|7381|9
3270|7384|7385|11
5210|7388|7389|13
5211|7390|7391|13
5212|7392|7393|13
4875|7395|7396|12
5393|7400|7401|13
5394|7402|7403|13
5395|7404|7405|13
2317|7412|7413|11
5709|7421|7422|10
5710|7423|7424|10
6279|7426|7427|11
6280|7428|7429|11
9930|7434|7435|11
9931|7436|7437|11
9932|7438|7439|11
7131|7441|7442|10
1672|7445|7446|8
5436|7452|7453|9
9170|7455|7456|10
9171|7457|7458|10
9172|7459|7460|10
5839|7463|7464|10
4018|7469|7470|8
9459|7485|7486|18
9460|7487|7488|18
9461|7489|7490|18
9771|7493|7494|18
9772|7495|7496|18
7783|7498|7499|17
4184|7503|7504|16
4806|7506|7507|17
7118|7509|7510|18
7119|7511|7512|18
9412|7514|7515|19
9413|7516|7517|19
9414|7518|7519|19
5719|7527|7528|14
5720|7529|7530|14
5721|7531|7532|14
5713|7538|7539|15
6735|7546|7547|17
7050|7549|7550|18
7617|7555|7556|18
5692|7558|7559|17
5405|7565|7566|14
5406|7567|7568|14
5407|7569|7570|14
2404|7574|7575|13
6425|7586|7587|15
6426|7588|7589|15
8293|7591|7592|16
8294|7593|7594|16
6648|7601|7602|18
6649|7603|7604|18
6058|7607|7608|18
7988|7610|7611|19
7989|7612|7613|19
7990|7614|7615|19
6060|7617|7618|18
4371|7620|7621|17
4329|7623|7624|16
4330|7625|7626|16
2966|7628|7629|15
3669|7631|7632|16
4503|7634|7635|17
4504|7636|7637|17
6238|7639|7640|18
6004|7646|7647|15
3400|7654|7655|15
5859|7660|7661|15
5860|7662|7663|15
5861|7664|7665|15
1661|7668|7669|13
973|7673|7674|10
4756|7678|7679|13
8389|7683|7684|14
8248|7687|7688|14
8249|7689|7690|14
3629|7692|7693|13
9002|7698|7699|13
9003|7700|7701|13
8410|7706|7707|15
5771|7710|7711|13
4619|7713|7714|12
133|7722|7723|5
6610|7733|7734|12
6611|7735|7736|12
3375|7739|7740|10
8197|7746|7747|13
8198|7748|7749|13
9494|7751|7752|14
6935|7757|7758|14
7115|7760|7761|15
7116|7762|7763|15
7623|7768|7769|15
8972|7772|7773|15
8973|7774|7775|15
8383|7778|7779|15
6845|7783|7784|14
6846|7785|7786|14
7037|7788|7789|15
6851|7797|7798|12
6852|7799|7800|12
5658|7803|7804|12
6441|7806|7807|13
6976|7809|7810|14
8266|7812|7813|15
6978|7815|7816|14
6443|7818|7819|13
2101|7826|7827|9
4277|7840|7841|9
4278|7842|7843|9
6688|7845|7846|10
7189|7848|7849|11
7190|7850|7851|11
3421|7855|7856|8
2772|7859|7860|8
2821|7863|7864|8
3108|7869|7870|8
2135|7872|7873|7
2136|7874|7875|7
1032|7877|7878|6
4669|7886|7887|11
4670|7888|7889|11
4361|7895|7896|8
1576|7899|7900|6
5648|7902|7903|7
8558|7906|7907|9
8559|7908|7909|9
8560|7910|7911|9
3807|7919|7920|8
6228|7922|7923|9
3809|7925|7926|8
3762|7928|7929|7
8286|7932|7933|9
4079|7935|7936|8
4080|7937|7938|8
8230|7943|7944|8
8231|7945|7946|8
8232|7947|7948|8
5497|7965|7966|12
8533|7968|7969|13
8534|7970|7971|13
5499|7973|7974|12
6919|7977|7978|12
6920|7979|7980|12
2517|7985|7986|12
2297|7990|7991|11
3772|7994|7995|13
4691|7997|7998|14
6448|8000|8001|15
6449|8002|8003|15
7385|8005|8006|16
7386|8007|8008|16
3774|8012|8013|13
5045|8017|8018|14
8425|8024|8025|15
2299|8030|8031|11
7980|8037|8038|12
7981|8039|8040|12
9153|8042|8043|13
9154|8044|8045|13
9155|8046|8047|13
6287|8050|8051|11
8195|8053|8054|12
5035|8060|8061|11
5036|8062|8063|11
8175|8067|8068|14
8176|8069|8070|14
8177|8071|8072|14
7370|8074|8075|13
7371|8076|8077|13
3027|8081|8082|10
6384|8087|8088|10
6385|8089|8090|10
6254|8094|8095|11
6255|8096|8097|11
3368|8099|8100|10
2395|8102|8103|9
9649|8110|8111|11
9650|8112|8113|11
9651|8114|8115|11
9244|8120|8121|11
9245|8122|8123|11
9246|8124|8125|11
7840|8127|8128|10
7841|8129|8130|10
9015|8133|8134|10
9016|8135|8136|10
9017|8137|8138|10
7417|8152|8153|11
7672|8155|8156|12
7419|8158|8159|11
7599|8163|8164|12
5580|8167|8168|12
7214|8170|8171|13
7215|8172|8173|13
5582|8175|8176|12
7377|8180|8181|13
6524|8183|8184|12
5483|8189|8190|10
8225|8193|8194|10
8226|8195|8196|10
8186|8201|8202|10
3422|8207|8208|8
6339|8213|8214|8
6340|8215|8216|8
6828|8218|8219|9
3883|8222|8223|7
7029|8230|8231|9
7030|8232|8233|9
7031|8234|8235|9
4533|8238|8239|9
5305|8241|8242|10
5306|8243|8244|10
6995|8246|8247|11
8969|8249|8250|12
8970|8251|8252|12
8971|8253|8254|12
7705|8259|8260|10
7706|8261|8262|10
7707|8263|8264|10
7730|8269|8270|10
7731|8271|8272|10
7732|8273|8274|10
1648|8280|8281|7
9075|8287|8288|12
8895|8292|8293|13
9267|8295|8296|14
9268|8297|8298|14
9269|8299|8300|14
8897|8302|8303|13
3122|8311|8312|8
4286|8318|8319|9
4998|8321|8322|10
4999|8323|8324|10
8963|8326|8327|11
8964|8328|8329|11
5577|8333|8334|10
1718|8337|8338|8
8576|8343|8344|12
6119|8348|8349|11
6120|8350|8351|11
6121|8352|8353|11
5418|8356|8357|11
7197|8361|8362|14
7158|8364|8365|13
6365|8367|8368|12
4459|8372|8373|9
6270|8375|8376|10
6271|8377|8378|10
704|8387|8388|6
2383|8391|8392|8
2384|8393|8394|8
4514|8396|8397|9
6694|8399|8400|10
6695|8401|8402|10
9946|8406|8407|11
9947|8408|8409|11
9948|8410|8411|11
6641|8413|8414|10
6642|8415|8416|10
2336|8435|8436|10
2063|8443|8444|12
5234|8448|8449|13
5235|8450|8451|13
5236|8452|8453|13
9955|8457|8458|14
9956|8459|8460|14
8702|8463|8464|14
8703|8465|8466|14
6094|8468|8469|13
2806|8475|8476|12
5811|8479|8480|14
2808|8483|8484|12
7137|8487|8488|12
7138|8489|8490|12
7139|8491|8492|12
2962|8498|8499|11
2963|8500|8501|11
3950|8507|8508|10
1988|8516|8517|7
5280|8519|8520|8
5281|8521|8522|8
2181|8525|8526|8
6122|8532|8533|9
6605|8535|8536|10
6650|8538|8539|11
6651|8540|8541|11
6652|8542|8543|11
3394|8547|8548|8
5936|8560|8561|11
5937|8562|8563|11
5938|8564|8565|11
1962|8567|8568|10
1365|8570|8571|9
5902|8580|8581|13
5903|8582|8583|13
5904|8584|8585|13
7609|8591|8592|14
7610|8593|8594|14
3975|8599|8600|14
2451|8602|8603|13
7483|8608|8609|17
9783|8613|8614|18
9784|8615|8616|18
2927|8621|8622|14
3834|8625|8626|16
7101|8630|8631|17
7102|8632|8633|17
7103|8634|8635|17
3372|8638|8639|15
6276|8645|8646|14
5104|8649|8650|14
5841|8654|8655|17
9305|8659|8660|18
9785|8663|8664|18
9786|8665|8666|18
9787|8667|8668|18
8865|8670|8671|17
5408|8676|8677|17
9006|8679|8680|18
9007|8681|8682|18
5567|8685|8686|18
5551|8693|8694|14
5552|8695|8696|14
6017|8698|8699|15
9261|8705|8706|12
4100|8710|8711|11
6113|8713|8714|12
6275|8716|8717|13
7079|8720|8721|13
2870|8726|8727|11
6218|8729|8730|12
8411|8733|8734|12
8412|8735|8736|12
8413|8737|8738|12
962|8742|8743|9
9849|8750|8751|11
9067|8759|8760|16
8047|8764|8765|15
3529|8771|8772|12
9080|8779|8780|12
8437|8782|8783|11
8438|8784|8785|11
8839|8792|8793|13
8840|8794|8795|13
8841|8796|8797|13
7085|8802|8803|13
7086|8804|8805|13
7087|8806|8807|13
7528|8824|8825|13
7123|8829|8830|14
7124|8831|8832|14
8044|8835|8836|14
8045|8837|8838|14
8046|8839|8840|14
3320|8846|8847|13
3321|8848|8849|13
5322|8853|8854|14
5330|8856|8857|15
6141|8859|8860|16
8381|8862|8863|17
6143|8865|8866|16
4152|8870|8871|13
4153|8872|8873|13
6779|8879|8880|14
6780|8881|8882|14
4805|8887|8888|14
6997|8892|8893|13
8435|8895|8896|14
5945|8903|8904|12
5946|8905|8906|12
5947|8907|8908|12
5584|8910|8911|11
7628|8913|8914|12
7582|8920|8921|13
5082|8927|8928|10
5083|8929|8930|10
3787|8934|8935|11
6108|8940|8941|13
8377|8943|8944|14
8424|8947|8948|14
4666|8951|8952|12
4667|8953|8954|12
6289|8961|8962|8
1727|8966|8967|9
2852|8971|8972|10
9149|8978|8979|15
6160|8981|8982|14
7784|8985|8986|14
8828|8993|8994|16
8829|8995|8996|16
7884|8998|8999|15
7885|9000|9001|15
9572|9005|9006|14
9573|9007|9008|14
6321|9013|9014|14
7194|9017|9018|14
9437|9020|9021|15
9438|9022|9023|15
9439|9024|9025|15
7196|9027|9028|14
5800|9030|9031|13
1393|9039|9040|10
1394|9041|9042|10
4633|9045|9046|10
4798|9048|9049|11
4799|9050|9051|11
8566|9055|9056|12
8567|9057|9058|12
8568|9059|9060|12
6090|9062|9063|11
6154|9065|9066|12
7343|9068|9069|13
9088|9071|9072|14
9089|9073|9074|14
7070|9078|9079|13
8358|9086|9087|11
8359|9088|9089|11
8360|9090|9091|11
6929|9101|9102|10
6930|9103|9104|10
6955|9106|9107|11
8498|9109|9110|12
6957|9112|9113|11
2527|9122|9123|11
2528|9124|9125|11
2529|9126|9127|11
8070|9138|9139|15
8788|9141|9142|16
9472|9144|9145|17
9473|9146|9147|17
8072|9150|9151|15
7298|9153|9154|14
7299|9155|9156|14
8535|9159|9160|14
8536|9161|9162|14
9644|9164|9165|15
9645|9166|9167|15
2880|9172|9173|11
4173|9177|9178|10
4174|9179|9180|10
8260|9183|9184|12
9122|9187|9188|12
9123|9189|9190|12
9124|9191|9192|12
7242|9198|9199|11
7243|9200|9201|11
7961|9205|9206|12
7962|9207|9208|12
6647|9212|9213|13
6493|9215|9216|12
6494|9217|9218|12
8362|9227|9228|12
8836|9241|9242|12
3648|9245|9246|12
7326|9248|9249|13
7327|9250|9251|13
3045|9256|9257|11
4750|9259|9260|12
4751|9261|9262|12
8206|9265|9266|14
8207|9267|9268|14
7594|9278|9279|9
7595|9280|9281|9
8517|9283|9284|10
8518|9285|9286|10
2425|9299|9300|10
6924|9305|9306|14
6925|9307|9308|14
6926|9309|9310|14
5550|9312|9313|13
5588|9318|9319|13
5589|9320|9321|13
5590|9322|9323|13
6886|9327|9328|12
6322|9335|9336|12
6323|9337|9338|12
6505|9342|9343|13
5065|9345|9346|12
8555|9350|9351|13
8556|9352|9353|13
2291|9358|9359|11
6055|9362|9363|13
7772|9367|9368|12
8879|9370|9371|13
8880|9372|9373|13
8881|9374|9375|13
9780|9378|9379|13
9781|9380|9381|13
1724|9385|9386|10
7482|9390|9391|11
3941|9393|9394|10
8181|9396|9397|11
8182|9398|9399|11
8183|9400|9401|11
5469|9409|9410|12
9148|9417|9418|14
7178|9423|9424|14
7686|9426|9427|15
7687|9428|9429|15
7688|9430|9431|15
7180|9433|9434|14
5731|9436|9437|13
8444|9449|9450|12
8445|9451|9452|12
8446|9453|9454|12
1096|9458|9459|9
7239|9463|9464|12
7240|9465|9466|12
7241|9467|9468|12
9778|9472|9473|13
9779|9474|9475|13
9312|9477|9478|12
9313|9479|9480|12
6298|9482|9483|11
4339|9485|9486|10
4340|9487|9488|10
2137|9493|9494|10
5443|9497|9498|12
2139|9501|9502|10
9238|9507|9508|12
9239|9509|9510|12
8030|9512|9513|11
1645|9517|9518|10
5630|9527|9528|12
5631|9529|9530|12
5327|9532|9533|11
6082|9536|9537|13
6083|9538|9539|13
8478|9542|9543|13
8479|9544|9545|13
8480|9546|9547|13
5999|9549|9550|12
8233|9554|9555|11
2491|9561|9562|12
4598|9566|9567|15
4827|9569|9570|16
9370|9572|9573|17
9371|9574|9575|17
9372|9576|9577|17
2778|9582|9583|13
4261|9586|9587|13
2678|9594|9595|13
2679|9596|9597|13
2680|9598|9599|13
9808|9602|9603|13
9809|9604|9605|13
759|9611|9612|8
6506|9615|9616|10
6507|9617|9618|10
7511|9620|9621|11
7168|9629|9630|14
7169|9631|9632|14
8461|9641|9642|16
9856|9644|9645|17
9857|9646|9647|17
9858|9648|9649|17
8463|9651|9652|16
3956|9656|9657|13
5296|9662|9663|15
5734|9665|9666|16
6633|9670|9671|17
6634|9672|9673|17
8108|9676|9677|17
8109|9678|9679|17
8110|9680|9681|17
4809|9685|9686|14
7376|9689|9690|14
4638|9692|9693|13
3872|9695|9696|12
4946|9703|9704|12
4947|9705|9706|12
7041|9711|9712|14
5671|9715|9716|14
5125|9718|9719|13
4979|9721|9722|12
5463|9724|9725|13
5775|9727|9728|14
6737|9730|9731|15
8114|9734|9735|15
5465|9738|9739|13
6005|9744|9745|11
6006|9746|9747|11
9815|9758|9759|11
9816|9760|9761|11
9817|9762|9763|11
6035|9768|9769|11
5001|9773|9774|12
5002|9775|9776|12
5003|9777|9778|12
3683|9780|9781|11
3684|9782|9783|11
1978|9786|9787|11
8975|9793|9794|12
9643|9796|9797|13
8977|9799|9800|12
9440|9803|9804|12
9441|9805|9806|12
9442|9807|9808|12
9428|9814|9815|13
4795|9817|9818|12
5380|9821|9822|12
5381|9823|9824|12
8276|9827|9828|14
8277|9829|9830|14
4602|9834|9835|11
3759|9840|9841|13
4348|9843|9844|14
4349|9845|9846|14
4350|9847|9848|14
3366|9851|9852|12
3297|9854|9855|11
2012|9862|9863|11
2532|9866|9867|11
7585|9871|9872|14
7586|9873|9874|14
7587|9875|9876|14
8251|9879|9880|14
8252|9881|9882|14
9276|9885|9886|16
9277|9887|9888|16
9278|9889|9890|16
2087|9899|9900|10
9535|9905|9906|12
7653|9909|9910|12
7654|9911|9912|12
6601|9914|9915|11
1826|9918|9919|11
6350|9926|9927|9
1690|9929|9930|8
1020|9936|9937|9
8371|9940|9941|11
6139|9946|9947|13
6140|9948|9949|13
5507|9952|9953|13
7906|9955|9956|14
8208|9960|9961|13
8209|9962|9963|13
8427|9965|9966|14
8747|9968|9969|15
8748|9970|9971|15
4775|9981|9982|10
2327|9985|9986|10
9128|9990|9991|13
9129|9992|9993|13
7968|9995|9996|12
7671|9998|9999|11
1699|10003|10004|10
8677|10008|10009|13
9304|10019|10020|10
4587|10026|10027|9
2457|10035|10036|8
5894|10044|10045|9
5895|10046|10047|9
5896|10048|10049|9
7210|10053|10054|10
8056|10056|10057|11
8057|10058|10059|11
1451|10079|10080|14
6907|10084|10085|15
6908|10086|10087|15
6909|10088|10089|15
9578|10096|10097|17
9579|10098|10099|17
9953|10103|10104|16
9954|10105|10106|16
4527|10113|10114|14
953|10119|10120|12
6402|10125|10126|16
6403|10127|10128|16
6404|10129|10130|16
5939|10133|10134|16
5575|10136|10137|15
5612|10140|10141|15
9335|10144|10145|17
9524|10147|10148|18
6013|10151|10152|16
6014|10153|10154|16
5762|10158|10159|15
4861|10162|10163|13
8159|10166|10167|15
8160|10168|10169|15
8161|10170|10171|15
7679|10179|10180|14
3568|10185|10186|16
4159|10191|10192|16
5424|10195|10196|16
5425|10197|10198|16
5765|10202|10203|17
7099|10206|10207|17
3856|10213|10214|16
8473|10216|10217|17
8474|10218|10219|17
8475|10220|10221|17
3858|10223|10224|16
2882|10226|10227|15
7451|10230|10231|17
7452|10232|10233|17
5853|10247|10248|16
5854|10249|10250|16
3904|10253|10254|14
3905|10255|10256|14
4994|10259|10260|14
4995|10261|10262|14
3511|10264|10265|13
8727|10268|10269|13
8728|10270|10271|13
7675|10280|10281|15
8854|10283|10284|16
8855|10285|10286|16
4246|10289|10290|14
9678|10294|10295|15
9679|10296|10297|15
6609|10299|10300|14
4375|10303|10304|14
4376|10305|10306|14
9308|10308|10309|15
9309|10310|10311|15
9310|10312|10313|15
3102|10322|10323|15
3103|10324|10325|15
5755|10331|10332|18
5756|10333|10334|18
5378|10336|10337|17
5379|10338|10339|17
5808|10345|10346|14
5809|10347|10348|14
5940|10352|10353|15
7287|10359|10360|18
9979|10363|10364|18
5229|10366|10367|17
7525|10371|10372|18
7526|10373|10374|18
5079|10377|10378|16
2909|10380|10381|15
2910|10382|10383|15
3687|10387|10388|16
8974|10391|10392|18
3990|10394|10395|17
3991|10396|10397|17
9388|10404|10405|19
9914|10407|10408|20
9390|10410|10411|19
8257|10413|10414|18
4113|10417|10418|16
3725|10421|10422|16
9240|10425|10426|18
9241|10427|10428|18
2075|10439|10440|16
7913|10446|10447|19
7914|10448|10449|19
7915|10450|10451|19
5633|10453|10454|18
5634|10455|10456|18
9609|10463|10464|18
6252|10466|10467|17
6253|10468|10469|17
5479|10474|10475|19
6958|10477|10478|20
7083|10481|10482|20
7084|10483|10484|20
2676|10488|10489|17
8798|10493|10494|20
6713|10499|10500|22
6714|10501|10502|22
7476|10505|10506|22
8623|10519|10520|16
8624|10521|10522|16
8242|10528|10529|17
8243|10530|10531|17
8244|10532|10533|17
3294|10538|10539|17
5315|10551|10552|16
7939|10554|10555|17
3133|10558|10559|15
9378|10567|10568|20
5952|10572|10573|21
6979|10575|10576|22
8920|10581|10582|22
5600|10585|10586|20
8217|10589|10590|20
6725|10597|10598|18
7880|10600|10601|19
7881|10602|10603|19
7882|10604|10605|19
8355|10609|10610|18
8356|10611|10612|18
8357|10613|10614|18
6361|10617|10618|18
9970|10624|10625|17
5215|10629|10630|18
5216|10631|10632|18
3425|10635|10636|16
1289|10641|10642|14
7162|10647|10648|18
7163|10649|10650|18
5696|10652|10653|17
4702|10655|10656|16
4703|10657|10658|16
1854|10661|10662|16
8084|10669|10670|16
8085|10671|10672|16
8086|10673|10674|16
6806|10677|10678|16
7805|10681|10682|16
7806|10683|10684|16
7807|10685|10686|16
5601|10690|10691|15
5602|10692|10693|15
9812|10701|10702|16
9813|10703|10704|16
9814|10705|10706|16
8077|10708|10709|15
8078|10710|10711|15
7155|10715|10716|16
7156|10717|10718|16
4718|10720|10721|15
5993|10724|10725|15
3825|10735|10736|12
9615|10738|10739|13
6053|10742|10743|13
7789|10745|10746|14
8506|10748|10749|15
8507|10750|10751|15
8508|10752|10753|15
9084|10756|10757|15
7798|10774|10775|21
7799|10776|10777|21
7800|10778|10779|21
8989|10782|10783|21
8990|10784|10785|21
7797|10787|10788|20
6127|10792|10793|21
7198|10796|10797|23
7199|10798|10799|23
6300|10801|10802|22
7181|10804|10805|23
8384|10807|10808|24
8741|10814|10815|23
8742|10816|10817|23
8743|10818|10819|23
6756|10821|10822|22
6757|10823|10824|22
5786|10828|10829|21
6629|10834|10835|23
6222|10843|10844|22
6223|10845|10846|22
6224|10847|10848|22
2173|10854|10855|19
2844|10857|10858|20
5680|10861|10862|22
6927|10869|10870|22
2304|10873|10874|20
5282|10876|10877|21
8870|10886|10887|21
8871|10888|10889|21
4821|10893|10894|20
4822|10895|10896|20
7535|10898|10899|21
4790|10907|10908|18
6703|10910|10911|19
6704|10912|10913|19
4792|10915|10916|18
9724|10921|10922|20
9725|10923|10924|20
6210|10926|10927|19
6211|10928|10929|19
9633|10937|10938|20
9634|10939|10940|20
9635|10941|10942|20
8442|10944|10945|19
9330|10947|10948|20
9331|10949|10950|20
9332|10951|10952|20
5543|10957|10958|18
3188|10966|10967|17
3189|10968|10969|17
591|10971|10972|16
7257|10976|10977|19
7258|10978|10979|19
7259|10980|10981|19
4372|10991|10992|20
4373|10993|10994|20
8026|10996|10997|21
4281|11001|11002|20
6461|11004|11005|21
6462|11006|11007|21
6463|11008|11009|21
1474|11016|11017|19
5207|11019|11020|20
5625|11022|11023|21
9909|11026|11027|23
8954|11029|11030|22
8955|11031|11032|22
5627|11034|11035|21
5209|11037|11038|20
2670|11043|11044|22
3918|11046|11047|23
5347|11049|11050|24
3920|11052|11053|23
7043|11061|11062|26
7044|11063|11064|26
7019|11066|11067|25
6445|11069|11070|24
6392|11074|11075|25
6393|11076|11077|25
6335|11080|11081|25
6336|11082|11083|25
6337|11084|11085|25
5275|11087|11088|24
8048|11093|11094|22
8049|11095|11096|22
8050|11097|11098|22
557|11105|11106|16
2634|11110|11111|19
3624|11114|11115|21
5375|11117|11118|22
5376|11119|11120|22
6056|11123|11124|22
8549|11126|11127|23
8550|11128|11129|23
7164|11137|11138|24
6859|11140|11141|23
6316|11143|11144|22
6962|11146|11147|23
6038|11151|11152|22
5697|11156|11157|21
5698|11158|11159|21
4864|11163|11164|20
4865|11165|11166|20
2162|11169|11170|18
2163|11171|11172|18
3284|11180|11181|23
3282|11184|11185|23
6332|11192|11193|23
5239|11196|11197|23
4314|11199|11200|22
5959|11203|11204|22
5341|11207|11208|22
6826|11212|11213|21
8603|11215|11216|22
2603|11221|11222|20
7753|11224|11225|21
7754|11226|11227|21
7755|11228|11229|21
2423|11234|11235|19
8754|11238|11239|21
8755|11240|11241|21
8756|11242|11243|21
6291|11245|11246|20
8454|11251|11252|20
8455|11253|11254|20
4606|11256|11257|19
4607|11258|11259|19
670|11266|11267|15
6627|11274|11275|17
6628|11276|11277|17
4019|11281|11282|18
1888|11288|11289|17
3644|11293|11294|18
3645|11295|11296|18
4967|11299|11300|20
4968|11301|11302|20
5538|11309|11310|24
5539|11311|11312|24
6540|11315|11316|24
6541|11317|11318|24
5269|11320|11321|23
5042|11324|11325|23
5043|11326|11327|23
5044|11328|11329|23
9945|11336|11337|25
8527|11339|11340|24
6968|11342|11343|23
7567|11347|11348|22
7568|11349|11350|22
7569|11351|11352|22
4222|11355|11356|20
4128|11358|11359|19
4092|11363|11364|18
5157|11366|11367|19
5667|11369|11370|20
9520|11373|11374|20
9521|11375|11376|20
3125|11380|11381|17
5789|11385|11386|18
9728|11388|11389|19
9729|11390|11391|19
985|11397|11398|16
6451|11404|11405|21
3859|11409|11410|22
2850|11412|11413|21
8051|11415|11416|22
8052|11417|11418|22
3138|11422|11423|21
3139|11424|11425|21
4563|11427|11428|22
4564|11429|11430|22
8808|11436|11437|21
8809|11438|11439|21
7402|11441|11442|20
7403|11443|11444|20
8174|11450|11451|21
9351|11456|11457|21
7785|11465|11466|22
1350|11469|11470|20
7477|11479|11480|16
7478|11481|11482|16
7479|11483|11484|16
4887|11487|11488|16
7719|11492|11493|17
8390|11495|11496|18
8391|11497|11498|18
8392|11499|11500|18
2078|11507|11508|16
2320|11510|11511|17
1934|11514|11515|15
6814|11525|11526|20
4257|11531|11532|22
8141|11535|11536|24
8874|11538|11539|25
8875|11540|11541|25
9555|11545|11546|24
9556|11547|11548|24
4259|11551|11552|22
4355|11556|11557|21
8967|11562|11563|21
6716|11565|11566|20
6717|11567|11568|20
3516|11573|11574|18
3517|11575|11576|18
3689|11578|11579|19
3690|11580|11581|19
3691|11582|11583|19
3069|11588|11589|19
6617|11591|11592|20
6618|11593|11594|20
6066|11598|11599|21
6067|11600|11601|21
4902|11603|11604|20
9415|11607|11608|22
9416|11609|11610|22
7382|11613|11614|22
7383|11615|11616|22
7384|11617|11618|22
9935|11622|11623|23
9936|11624|11625|23
9937|11626|11627|23
4470|11635|11636|20
6302|11639|11640|22
6303|11641|11642|22
6304|11643|11644|22
6098|11646|11647|21
6099|11648|11649|21
7933|11652|11653|21
7934|11654|11655|21
2982|11658|11659|19
4817|11664|11665|21
4818|11666|11667|21
4819|11668|11669|21
1829|11671|11672|20
5576|11681|11682|20
1409|11685|11686|18
2846|11688|11689|19
4848|11691|11692|20
9094|11696|11697|21
6880|11700|11701|21
5367|11703|11704|20
1804|11712|11713|19
1805|11714|11715|19
4876|11720|11721|21
7550|11724|11725|21
7551|11726|11727|21
1902|11730|11731|19
6546|11733|11734|20
8204|11743|11744|18
8205|11745|11746|18
4754|11749|11750|16
6309|11757|11758|20
6310|11759|11760|20
6311|11761|11762|20
8262|11766|11767|21
8784|11769|11770|22
8785|11771|11772|22
8264|11774|11775|21
6732|11782|11783|21
7950|11785|11786|22
9632|11788|11789|23
7148|11793|11794|22
8645|11798|11799|25
8646|11800|11801|25
8647|11802|11803|25
8009|11806|11807|23
2391|11812|11813|19
6563|11816|11817|21
6564|11818|11819|21
6565|11820|11821|21
7865|11824|11825|21
7866|11826|11827|21
7558|11832|11833|19
9040|11853|11854|14
8921|11857|11858|14
8922|11859|11860|14
9898|11862|11863|15
1413|11874|11875|13
2407|11877|11878|14
6532|11881|11882|16
7390|11885|11886|16
9703|11889|11890|18
9704|11891|11892|18
9705|11893|11894|18
8692|11896|11897|17
7392|11899|11900|16
4053|11902|11903|15
8892|11908|11909|17
8893|11910|11911|17
8894|11912|11913|17
7146|11916|11917|15
8707|11920|11921|17
8708|11922|11923|17
8709|11924|11925|17
9638|11928|11929|17
9337|11941|11942|16
8272|11944|11945|15
4183|11948|11949|13
480|11954|11955|11
3959|11962|11963|13
9978|11966|11967|15
4624|11969|11970|14
9105|11973|11974|14
3386|11977|11978|12
2891|11989|11990|18
6730|11992|11993|19
6731|11994|11995|19
1366|12003|12004|16
6474|12008|12009|17
1226|12014|12015|17
1227|12016|12017|17
7931|12024|12025|23
7932|12026|12027|23
4568|12030|12031|23
7484|12034|12035|25
7485|12036|12037|25
7486|12038|12039|25
7712|12045|12046|22
6840|12051|12052|20
6841|12053|12054|20
8053|12056|12057|21
8054|12058|12059|21
8055|12060|12061|21
7304|12068|12069|21
7217|12072|12073|21
9197|12075|12076|22
9961|12078|12079|23
9199|12081|12082|22
9497|12086|12087|23
9498|12088|12089|23
9499|12090|12091|23
3810|12108|12109|19
3811|12110|12111|19
5096|12115|12116|22
7431|12118|12119|23
7432|12120|12121|23
6819|12126|12127|23
6820|12128|12129|23
8511|12131|12132|24
5966|12135|12136|22
5967|12137|12138|22
6432|12142|12143|23
6153|12145|12146|22
6085|12150|12151|21
6086|12152|12153|21
6455|12159|12160|20
6456|12161|12162|20
9065|12165|12166|20
9066|12167|12168|20
3604|12171|12172|18
6351|12175|12176|18
6352|12177|12178|18
9125|12180|12181|19
9126|12182|12183|19
9600|12189|12190|18
3164|12195|12196|18
3901|12199|12200|18
8143|12202|12203|19
8144|12204|12205|19
9097|12212|12213|17
9098|12214|12215|17
8064|12219|12220|18
8065|12221|12222|18
8066|12223|12224|18
9453|12233|12234|20
9454|12235|12236|20
9455|12237|12238|20
8714|12242|12243|21
8715|12244|12245|21
8716|12246|12247|21
4679|12250|12251|21
7165|12253|12254|22
7166|12255|12256|22
7441|12258|12259|23
7442|12260|12261|23
9086|12270|12271|21
9087|12272|12273|21
7290|12278|12279|21
7291|12280|12281|21
7292|12282|12283|21
3544|12289|12290|18
3545|12291|12292|18
4448|12300|12301|21
7427|12304|12305|21
7428|12306|12307|21
7429|12308|12309|21
3685|12314|12315|19
4469|12320|12321|19
7983|12326|12327|21
7984|12328|12329|21
7542|12335|12336|22
7543|12337|12338|22
7544|12339|12340|22
3673|12344|12345|21
3674|12346|12347|21
7224|12350|12351|23
7252|12353|12354|24
9247|12356|12357|25
7254|12359|12360|24
7996|12376|12377|17
7997|12378|12379|17
8781|12383|12384|18
5359|12389|12390|18
8467|12392|12393|19
8981|12395|12396|20
8982|12397|12398|20
8983|12399|12400|20
9757|12407|12408|20
9758|12409|12410|20
5527|12413|12414|18
9423|12418|12419|21
9496|12421|12422|22
9425|12424|12425|21
7141|12427|12428|20
6933|12430|12431|19
6934|12432|12433|19
2344|12438|12439|15
8188|12444|12445|17
8734|12447|12448|18
8735|12449|12450|18
3817|12454|12455|17
6985|12457|12458|18
6986|12459|12460|18
6877|12463|12464|18
7992|12473|12474|14
1334|12477|12478|14
8291|12483|12484|16
8292|12485|12486|16
2231|12492|12493|19
9297|12498|12499|21
9622|12502|12503|21
9623|12504|12505|21
7691|12507|12508|20
7128|12513|12514|20
9861|12517|12518|22
9862|12519|12520|22
9863|12521|12522|22
6312|12527|12528|20
6313|12529|12530|20
8400|12532|12533|21
3824|12539|12540|18
3053|12543|12544|18
3054|12545|12546|18
8546|12556|12557|21
8547|12558|12559|21
8548|12560|12561|21
7062|12564|12565|19
7505|12569|12570|20
9031|12572|12573|21
9627|12575|12576|22
9628|12577|12578|22
7507|12581|12582|20
6510|12584|12585|19
5556|12587|12588|18
6071|12592|12593|19
6072|12594|12595|19
6073|12596|12597|19
4768|12599|12600|18
9693|12607|12608|16
9694|12609|12610|16
9695|12611|12612|16
7285|12615|12616|16
7286|12617|12618|16
6853|12622|12623|17
6854|12624|12625|17
6855|12626|12627|17
8401|12630|12631|17
8402|12632|12633|17
2387|12639|12640|16
5532|12642|12643|17
5533|12644|12645|17
5534|12646|12647|17
5537|12651|12652|18
7305|12655|12656|18
1890|12661|12662|16
911|12671|12672|14
1578|12675|12676|16
9525|12681|12682|20
9526|12683|12684|20
9642|12686|12687|21
9457|12690|12691|19
9458|12692|12693|19
6762|12695|12696|18
5971|12699|12700|18
5972|12701|12702|18
5973|12703|12704|18
5637|12706|12707|17
4592|12715|12716|16
6414|12719|12720|18
8200|12722|12723|19
8010|12727|12728|18
6203|12730|12731|17
3129|12738|12739|15
3130|12740|12741|15
8287|12744|12745|17
8288|12746|12747|17
4686|12749|12750|16
6766|12754|12755|15
6767|12756|12757|15
2588|12759|12760|14
3612|12765|12766|14
4106|12768|12769|15
6741|12771|12772|16
4143|12775|12776|16
8928|12785|12786|14
8929|12787|12788|14
3868|12792|12793|15
6464|12795|12796|16
6473|12798|12799|17
7423|12813|12814|16
7424|12815|12816|16
9983|12820|12821|17
9984|12822|12823|17
5232|12825|12826|16
7430|12836|12837|19
7223|12839|12840|18
2057|12846|12847|15
5066|12849|12850|16
5067|12851|12852|16
8938|12859|12860|18
8939|12861|12862|18
3238|12864|12865|17
6137|12867|12868|18
6138|12869|12870|18
8806|12880|12881|13
9964|12883|12884|14
9965|12885|12886|14
9966|12887|12888|14
3267|12899|12900|12
3268|12901|12902|12
7272|12905|12906|14
7273|12907|12908|14
8162|12913|12914|16
9393|12916|12917|17
9394|12918|12919|17
9395|12920|12921|17
8164|12923|12924|16
7760|12926|12927|15
8696|12929|12930|16
8484|12935|12936|16
8485|12937|12938|16
7846|12940|12941|15
5052|12951|12952|14
6343|12954|12955|15
8487|12957|12958|16
9879|12962|12963|15
6871|12967|12968|14
6872|12969|12970|14
8606|12973|12974|16
8607|12975|12976|16
8608|12977|12978|16
7665|12980|12981|15
7666|12982|12983|15
6883|12988|12989|15
6884|12990|12991|15
6885|12992|12993|15
7077|12998|12999|13
7078|13000|13001|13
6481|13007|13008|14
7589|13010|13011|15
7590|13012|13013|15
8387|13015|13016|16
8388|13017|13018|16
6483|13021|13022|14
8984|13026|13027|15
8985|13028|13029|15
6258|13032|13033|15
6259|13034|13035|15
6260|13036|13037|15
4859|13040|13041|13
5595|13050|13051|15
5596|13052|13053|15
9431|13055|13056|16
7425|13061|13062|14
7426|13063|13064|14
6501|13068|13069|13
5745|13080|13081|13
9522|13085|13086|14
9523|13087|13088|14
8405|13095|13096|14
8091|13098|13099|13
5640|13102|13103|13
5641|13104|13105|13
9905|13108|13109|15
9906|13110|13111|15
9907|13112|13113|15
9286|13115|13116|14
2725|13119|13120|12
2521|13125|13126|12
5457|13129|13130|12
9182|13139|13140|14
9760|13145|13146|14
9761|13147|13148|14
8551|13153|13154|12
9552|13157|13158|14
9926|13161|13162|14
9927|13163|13164|14
9004|13167|13168|14
9005|13169|13170|14
1623|13174|13175|11
3333|13180|13181|13
3334|13182|13183|13
4485|13185|13186|14
3342|13190|13191|13
9291|13194|13195|15
9292|13196|13197|15
9293|13198|13199|15
3967|13201|13202|14
3968|13203|13204|14
4866|13208|13209|13
9713|13221|13222|10
9714|13223|13224|10
9715|13225|13226|10
9687|13233|13234|12
9688|13235|13236|12
4891|13239|13240|12
7092|13242|13243|13
7093|13244|13245|13
7340|13247|13248|14
5838|13252|13253|13
4091|13257|13258|12
7004|13270|13271|15
7005|13272|13273|15
4745|13275|13276|14
2207|13280|13281|11
4192|13284|13285|11
3009|13297|13298|14
5286|13301|13302|14
5287|13303|13304|14
9074|13307|13308|16
766|13315|13316|12
5699|13318|13319|13
7381|13321|13322|14
5701|13324|13325|13
1022|13328|13329|13
7677|13335|13336|14
1915|13338|13339|13
9260|13343|13344|16
3938|13354|13355|17
3387|13360|13361|15
7917|13363|13364|16
7918|13365|13366|16
7919|13367|13368|16
1019|13373|13374|12
9117|13381|13382|14
3483|13393|13394|16
2877|13396|13397|15
7778|13399|13400|16
7779|13401|13402|16
7780|13403|13404|16
5312|13411|13412|16
6374|13414|13415|17
6375|13416|13417|17
9799|13421|13422|20
9800|13423|13424|20
9271|13426|13427|19
9272|13428|13429|19
5314|13433|13434|16
4699|13442|13443|19
7724|13448|13449|19
8258|13451|13452|20
8259|13453|13454|20
7726|13456|13457|19
5451|13459|13460|18
4546|13465|13466|18
7947|13469|13470|20
7948|13471|13472|20
7307|13474|13475|19
8848|13477|13478|20
8849|13479|13480|20
7098|13484|13485|19
9025|13492|13493|17
9026|13494|13495|17
9027|13496|13497|17
3209|13503|13504|16
3210|13505|13506|16
5402|13508|13509|17
3779|13517|13518|12
3780|13519|13520|12
7636|13526|13527|15
8102|13530|13531|15
8103|13532|13533|15
8104|13534|13535|15
2129|13545|13546|12
3924|13548|13549|13
5647|13552|13553|15
4267|13555|13556|14
6239|13560|13561|15
5179|13563|13564|14
5180|13565|13566|14
8580|13573|13574|14
8581|13575|13576|14
8582|13577|13578|14
4845|13581|13582|14
7035|13584|13585|15
7036|13586|13587|15
5850|13592|13593|15
6818|13595|13596|16
7924|13603|13604|18
7925|13605|13606|18
7943|13608|13609|19
7944|13610|13611|19
7945|13612|13613|19
3543|13617|13618|16
2251|13621|13622|14
4154|13628|13629|15
8995|13632|13633|15
2244|13636|13637|13
1753|13639|13640|12
1569|13645|13646|12
1570|13647|13648|12
4941|13650|13651|13
4942|13652|13653|13
7683|13655|13656|14
7684|13657|13658|14
7685|13659|13660|14
8027|13667|13668|14
8028|13669|13670|14
4104|13675|13676|14
5416|13678|13679|15
9205|13681|13682|16
9206|13683|13684|16
9207|13685|13686|16
3418|13691|13692|14
3419|13693|13694|14
2496|13696|13697|13
1541|13699|13700|12
8240|13707|13708|14
8241|13709|13710|14
7887|13713|13714|14
8887|13717|13718|16
9706|13720|13721|17
8889|13723|13724|16
7458|13728|13729|13
7090|13733|13734|14
2776|13738|13739|13
5787|13746|13747|15
8710|13750|13751|17
2306|13760|13761|13
2307|13762|13763|13
5478|13765|13766|14
4218|13771|13772|14
4659|13782|13783|13
9354|13787|13788|12
9355|13789|13790|12
9356|13791|13792|12
2073|13796|13797|13
6347|13801|13802|16
9886|13805|13806|18
9887|13807|13808|18
9888|13809|13810|18
9475|13812|13813|17
6349|13815|13816|16
8042|13819|13820|16
8043|13821|13822|16
7680|13827|13828|18
7681|13829|13830|18
7682|13831|13832|18
7039|13834|13835|17
7040|13836|13837|17
6266|13840|13841|17
9918|13844|13845|17
9919|13846|13847|17
9920|13848|13849|17
6061|13855|13856|16
6062|13857|13858|16
9732|13861|13862|16
5925|13867|13868|16
5350|13870|13871|15
5351|13872|13873|15
3554|13881|13882|16
7578|13885|13886|18
4407|13888|13889|17
9328|13891|13892|18
9329|13893|13894|18
3556|13897|13898|16
2401|13900|13901|15
1336|13904|13905|13
4720|13910|13911|15
4721|13912|13913|15
4722|13914|13915|15
8127|13918|13919|15
8128|13920|13921|15
9557|13923|13924|16
7280|13929|13930|14
7281|13931|13932|14
7282|13933|13934|14
3308|13936|13937|13
1067|13944|13945|13
4289|13962|13963|11
4290|13964|13965|11
1802|13970|13971|11
2932|13977|13978|12
4883|13986|13987|15
4884|13988|13989|15
5472|13994|13995|13
7827|13997|13998|14
6700|14008|14009|17
6701|14010|14011|17
6702|14012|14013|17
9793|14017|14018|16
9794|14019|14020|16
9795|14021|14022|16
3733|14025|14026|14
2873|14029|14030|14
9908|14033|14034|16
8325|14037|14038|16
8326|14039|14040|16
8327|14041|14042|16
2875|14045|14046|14
9157|14051|14052|16
9158|14053|14054|16
9159|14055|14056|16
4710|14059|14060|16
4711|14061|14062|16
4671|14066|14067|15
4672|14068|14069|15
8165|14078|14079|15
8166|14080|14081|15
4481|14085|14086|16
4482|14087|14088|16
4303|14091|14092|16
4579|14095|14096|18
4580|14097|14098|18
4319|14100|14101|17
9575|14106|14107|17
9576|14108|14109|17
9577|14110|14111|17
9541|14114|14115|17
7271|14117|14118|16
4356|14124|14125|17
4357|14126|14127|17
8932|14131|14132|18
8933|14133|14134|18
9534|14136|14137|19
5975|14140|14141|17
5976|14142|14143|17
4032|14146|14147|17
3588|14154|14155|15
5160|14157|14158|16
5161|14159|14160|16
5162|14161|14162|16
5948|14168|14169|17
7762|14171|14172|18
2885|14178|14179|15
7174|14182|14183|17
7175|14184|14185|17
543|14191|14192|12
822|14195|14196|14
5283|14201|14202|18
5284|14203|14204|18
7646|14206|14207|19
7647|14208|14209|19
2480|14212|14213|17
4490|14217|14218|18
5101|14221|14222|18
6381|14224|14225|19
9894|14227|14228|20
9895|14229|14230|20
6383|14232|14233|19
6354|14237|14238|20
5822|14240|14241|19
7673|14247|14248|20
7674|14249|14250|20
6041|14255|14256|22
9769|14259|14260|24
9770|14261|14262|24
6043|14265|14266|22
932|14273|14274|16
881|14276|14277|15
4668|14279|14280|16
5458|14286|14287|15
7606|14289|14290|16
7607|14291|14292|16
8946|14294|14295|17
9391|14297|14298|18
9392|14299|14300|18
6802|14305|14306|16
6078|14314|14315|19
6079|14316|14317|19
3279|14320|14321|19
5832|14323|14324|20
5833|14325|14326|20
5019|14329|14330|20
7492|14336|14337|21
7493|14338|14339|21
4456|14341|14342|20
6670|14344|14345|21
7955|14347|14348|22
6672|14350|14351|21
3840|14354|14355|19
3841|14356|14357|19
5780|14361|14362|18
6668|14365|14366|18
6669|14367|14368|18
2681|14372|14373|17
6394|14376|14377|17
608|14381|14382|14
2860|14393|14394|12
4103|14396|14397|13
9923|14400|14401|13
9924|14402|14403|13
9925|14404|14405|13
7952|14418|14419|17
7953|14420|14421|17
7954|14422|14423|17
6727|14427|14428|16
8872|14430|14431|17
9765|14433|14434|18
9766|14435|14436|18
9213|14440|14441|17
9214|14442|14443|17
8940|14447|14448|16
8941|14449|14450|16
7276|14455|14456|16
7277|14457|14458|16
8234|14466|14467|19
8235|14468|14469|19
7873|14475|14476|18
5728|14478|14479|17
5729|14480|14481|17
3196|14487|14488|14
3197|14489|14490|14
3080|14497|14498|14
8224|14505|14506|18
6125|14508|14509|17
5921|14511|14512|16
9476|14514|14515|17
9477|14516|14517|17
8968|14523|14524|14
5840|14530|14531|15
9636|14538|14539|17
9637|14540|14541|17
5230|14544|14545|17
8382|14549|14550|18
6719|14555|14556|16
8456|14560|14561|15
8993|14563|14564|16
8994|14565|14566|16
749|14569|14570|14
2745|14575|14576|16
2746|14577|14578|16
5482|14580|14581|17
3794|14589|14590|18
8363|14596|14597|21
8364|14598|14599|21
8365|14600|14601|21
7580|14603|14604|20
7581|14605|14606|20
5107|14609|14610|18
6571|14612|14613|19
3459|14616|14617|17
7520|14621|14622|16
8738|14624|14625|17
6281|14632|14633|17
6282|14634|14635|17
6283|14636|14637|17
5289|14642|14643|19
1478|14648|14649|15
2512|14658|14659|13
3706|14664|14665|13
3707|14666|14667|13
7012|14672|14673|15
7013|14674|14675|15
7014|14676|14677|15
7173|14680|14681|15
9298|14684|14685|15
9299|14686|14687|15
8718|14691|14692|14
8719|14693|14694|14
7813|14707|14708|14
7814|14709|14710|14
5826|14719|14720|14
5827|14721|14722|14
5828|14723|14724|14
9915|14728|14729|15
9387|14733|14734|14
8699|14739|14740|14
8700|14741|14742|14
6045|14744|14745|13
9231|14749|14750|12
9232|14751|14752|12
6843|14764|14765|13
5665|14768|14769|11
9306|14771|14772|12
9307|14773|14774|12
4487|14777|14778|10
4285|14782|14783|11
5908|14787|14788|12
9840|14790|14791|13
9841|14792|14793|13
8278|14797|14798|12
9963|14800|14801|13
7969|14816|14817|13
7970|14818|14819|13
4216|14821|14822|12
4217|14823|14824|12
3845|14827|14828|12
5258|14830|14831|13
5259|14832|14833|13
3867|14836|14837|13
8238|14846|14847|11
8239|14848|14849|11
7752|14854|14855|13
9462|14858|14859|13
9463|14860|14861|13
8320|14864|14865|13
8321|14866|14867|13
8322|14868|14869|13
4450|14872|14873|11
7459|14880|14881|13
8332|14883|14884|14
9564|14886|14887|15
9565|14888|14889|15
8334|14891|14892|14
7461|14894|14895|13
3582|14898|14899|11
7775|14906|14907|15
7776|14908|14909|15
7777|14910|14911|15
1971|14918|14919|13
5886|14921|14922|14
8499|14925|14926|16
8611|14929|14930|16
8813|14932|14933|17
8779|14939|14940|14
9404|14942|14943|15
9405|14944|14945|15
9406|14946|14947|15
3005|14953|14954|14
4425|14957|14958|14
4426|14959|14960|14
9646|14964|14965|17
9647|14966|14967|17
6816|14970|14971|15
7438|14974|14975|17
7854|14978|14979|17
7855|14980|14981|17
7856|14982|14983|17
7234|14985|14986|16
3330|14991|14992|14
1504|14996|14997|11
7870|15006|15007|15
6278|15009|15010|14
6235|15016|15017|15
9420|15020|15021|17
9421|15022|15023|17
9422|15024|15025|17
6237|15028|15029|15
5931|15031|15032|14
9746|15041|15042|16
9747|15043|15044|16
9748|15045|15046|16
6512|15048|15049|15
6513|15050|15051|15
7750|15055|15056|16
7751|15057|15058|16
9658|15062|15063|17
9659|15064|15065|17
9660|15066|15067|17
8367|15070|15071|17
8368|15072|15073|17
7929|15078|15079|17
8926|15081|15082|18
8927|15083|15084|18
9663|15088|15089|17
9664|15090|15091|17
9665|15092|15093|17
3650|15098|15099|15
8515|15102|15103|17
8516|15104|15105|17
9601|15108|15109|17
9602|15110|15111|17
3758|15113|15114|16
5004|15122|15123|15
7956|15125|15126|16
2039|15131|15132|14
877|15144|15145|11
1766|15147|15148|12
4300|15153|15154|14
4301|15155|15156|14
6525|15160|15161|17
6526|15162|15163|17
6527|15164|15165|17
5010|15167|15168|16
6517|15170|15171|17
4932|15174|15175|15
2863|15179|15180|14
7503|15186|15187|17
9518|15190|15191|17
9519|15192|15193|17
5956|15197|15198|16
7054|15200|15201|17
3258|15204|15205|15
5732|15210|15211|17
8609|15213|15214|18
8610|15215|15216|18
4716|15219|15220|16
2700|15222|15223|15
4262|15227|15228|18
4263|15229|15230|18
4264|15231|15232|18
4110|15234|15235|17
6752|15242|15243|21
6837|15247|15248|20
8661|15250|15251|21
8662|15252|15253|21
8663|15254|15255|21
6839|15257|15258|20
4124|15261|15262|18
4125|15263|15264|18
4724|15268|15269|17
9976|15274|15275|21
6630|15279|15280|20
6193|15282|15283|19
9396|15287|15288|20
9397|15289|15290|20
9398|15291|15292|20
6830|15294|15295|19
4726|15298|15299|17
4363|15304|15305|15
5474|15307|15308|16
2169|15314|15315|13
7632|15318|15319|15
8856|15323|15324|16
7278|15327|15328|16
7279|15329|15330|16
3533|15332|15333|15
3225|15335|15336|14
9303|15342|15343|15
8724|15346|15347|15
8725|15348|15349|15
8726|15350|15351|15
8319|15353|15354|14
6759|15359|15360|16
6987|15364|15365|17
7009|15367|15368|18
6989|15370|15371|17
5862|15375|15376|16
6569|15379|15380|18
8385|15382|15383|19
8386|15384|15385|19
8470|15389|15390|18
7366|15396|15397|15
9612|15399|15400|16
9613|15401|15402|16
9033|15405|15406|16
9034|15407|15408|16
9035|15409|15410|16
3120|15413|15414|14
8153|15423|15424|12
8154|15425|15426|12
8155|15427|15428|12
5982|15430|15431|11
2609|15434|15435|11
8001|15438|15439|13
8002|15440|15441|13
9401|15443|15444|14
9402|15445|15446|14
9403|15447|15448|14
8678|15454|15455|13
8679|15456|15457|13
8680|15458|15459|13
6530|15461|15462|12
6531|15463|15464|12
9847|15468|15469|11
1046|15474|15475|11
3245|15477|15478|12
8912|15480|15481|13
8913|15482|15483|13
4719|15486|15487|13
4518|15495|15496|14
9827|15498|15499|15
9828|15500|15501|15
9829|15502|15503|15
9410|15508|15509|17
9411|15510|15511|17
9502|15514|15515|17
4975|15518|15519|15
2710|15526|15527|13
2711|15528|15529|13
3135|15532|15533|13
3136|15534|15535|13
3677|15537|15538|14
3678|15539|15540|14
6023|15542|15543|15
4976|15548|15549|13
4977|15550|15551|13
5742|15561|15562|12
5743|15563|15564|12
7443|15568|15569|13
9836|15571|15572|14
2238|15580|15581|11
1616|15583|15584|10
6613|15587|15588|12
8369|15590|15591|13
8370|15592|15593|13
6615|15595|15596|12
7718|15608|15609|15
8817|15618|15619|17
8818|15620|15621|17
8819|15622|15623|17
4241|15626|15627|15
9175|15630|15631|15
9176|15632|15633|15
9177|15634|15635|15
3700|15637|15638|14
2045|15647|15648|14
9751|15652|15653|17
4576|15662|15663|13
4577|15664|15665|13
9266|15667|15668|14
9949|15673|15674|14
5171|15680|15681|17
5172|15682|15683|17
8464|15685|15686|18
9448|15688|15689|19
9449|15690|15691|19
9258|15702|15703|21
9259|15704|15705|21
8191|15707|15708|20
8192|15709|15710|20
3570|15714|15715|17
7360|15718|15719|19
9790|15722|15723|21
9791|15724|15725|21
9792|15726|15727|21
7662|15729|15730|20
7663|15731|15732|20
8523|15739|15740|16
8681|15742|15743|17
9200|15745|15746|18
9201|15747|15748|18
9202|15749|15750|18
8525|15753|15754|16
9121|15763|15764|14
6264|15767|15768|14
7695|15770|15771|15
3935|15774|15775|13
9407|15780|15781|15
9408|15782|15783|15
9869|15785|15786|16
9870|15787|15788|16
5357|15792|15793|15
5358|15794|15795|15
8673|15807|15808|22
8674|15809|15810|22
8675|15811|15812|22
9264|15815|15816|22
9265|15817|15818|22
7400|15820|15821|21
7122|15823|15824|20
6500|15826|15827|19
4096|15829|15830|18
9767|15836|15837|19
9768|15838|15839|19
2461|15843|15844|18
1811|15847|15848|16
8665|15854|15855|17
8666|15856|15857|17
8667|15858|15859|17
4972|15866|15867|17
4973|15868|15869|17
1911|15874|15875|17
4925|15878|15879|19
2484|15882|15883|19
9223|15888|15889|19
9224|15890|15891|19
9225|15892|15893|19
3292|15899|15900|18
3293|15901|15902|18
9079|15906|15907|19
9802|15911|15912|20
6895|15915|15916|18
2099|15922|15923|19
2100|15924|15925|19
9290|15928|15929|19
3503|15936|15937|17
928|15939|15940|16
8145|15945|15946|20
9796|15948|15949|21
9797|15950|15951|21
8147|15953|15954|20
9099|15972|15973|15
9100|15974|15975|15
9101|15976|15977|15
2866|15980|15981|13
4783|15984|15985|15
4784|15986|15987|15
7436|15996|15997|17
8619|16000|16001|17
8620|16002|16003|17
4741|16008|16009|15
4742|16010|16011|15
6233|16013|16014|16
6234|16015|16016|16
1089|16020|16021|13
1090|16022|16023|13
8135|16028|16029|15
8136|16030|16031|15
7112|16033|16034|14
5487|16038|16039|15
2151|16044|16045|15
4414|16048|16049|15
5878|16051|16052|16
5879|16053|16054|16
7729|16057|16058|18
5033|16072|16073|13
9759|16076|16077|15
6399|16079|16080|14
3724|16083|16084|12
5650|16101|16102|12
5651|16103|16104|12
3997|16106|16107|11
5778|16112|16113|13
9696|16115|16116|14
9697|16117|16118|14
9698|16119|16120|14
5638|16127|16128|16
7692|16130|16131|17
9367|16133|16134|18
9368|16135|16136|18
9369|16137|16138|18
7694|16140|16141|17
9152|16147|16148|18
9019|16150|16151|17
9020|16152|16153|17
5017|16155|16156|16
5018|16157|16158|16
3803|16160|16161|15
4738|16164|16165|15
7769|16168|16169|17
7770|16170|16171|17
7771|16172|16173|17
6662|16175|16176|16
9515|16178|16179|17
9516|16180|16181|17
9517|16182|16183|17
9191|16187|16188|16
6477|16192|16193|15
4831|16197|16198|14
4832|16199|16200|14
2315|16202|16203|13
1760|16208|16209|11
6561|16211|16212|12
8021|16214|16215|13
6188|16219|16220|12
9883|16222|16223|13
9884|16224|16225|13
9885|16226|16227|13
8314|16230|16231|13
9112|16233|16234|14
9113|16235|16236|14
9379|16240|16241|15
9039|16243|16244|14
6018|16258|16259|17
6019|16260|16261|17
1360|16266|16267|13
9977|16275|16276|16
3874|16278|16279|15
3875|16280|16281|15
3003|16283|16284|14
5652|16292|16293|13
4682|16295|16296|12
9434|16299|16300|14
9435|16301|16302|14
9436|16303|16304|14
7355|16306|16307|13
7356|16308|16309|13
8590|16317|16318|12
2406|16321|16322|10
5166|16327|16328|10
5167|16329|16330|10
6890|16336|16337|11
8268|16341|16342|10
8269|16343|16344|10
8270|16345|16346|10
6664|16349|16350|10
6665|16351|16352|10
8885|16359|16360|10
9229|16362|16363|11
9230|16364|16365|11
2009|16373|16374|14
7815|16378|16379|17
7816|16380|16381|17
5300|16383|16384|16
6084|16388|16389|17
8366|16394|16395|19
5857|16398|16399|19
6947|16401|16402|20
4145|16406|16407|17
6966|16410|16411|19
4830|16413|16414|18
5830|16419|16420|18
9549|16424|16425|19
9676|16427|16428|20
9677|16429|16430|20
9551|16432|16433|19
3572|16441|16442|18
9226|16445|16446|20
9227|16447|16448|20
9228|16449|16450|20
6161|16455|16456|20
9317|16458|16459|21
9318|16460|16461|21
9319|16462|16463|21
9995|16467|16468|22
9996|16469|16470|22
5992|16474|16475|19
2150|16479|16480|16
7474|16484|16485|15
7475|16486|16487|15
7494|16492|16493|15
9682|16495|16496|16
9683|16497|16498|16
8694|16501|16502|16
8695|16503|16504|16
4114|16509|16510|16
8698|16514|16515|19
9352|16518|16519|19
9353|16520|16521|19
7831|16523|16524|18
4116|16527|16528|16
3276|16531|16532|16
3277|16533|16534|16
2590|16548|16549|17
2591|16550|16551|17
2592|16552|16553|17
2110|16557|16558|18
6699|16562|16563|21
3041|16567|16568|20
3266|16571|16572|20
3557|16579|16580|22
5224|16582|16583|23
5225|16584|16585|23
5226|16586|16587|23
3559|16589|16590|22
3880|16593|16594|22
9042|16596|16597|23
9043|16598|16599|23
9044|16600|16601|23
5386|16606|16607|23
7745|16609|16610|24
6357|16614|16615|23
9242|16617|16618|24
9243|16619|16620|24
3181|16627|16628|20
8323|16633|16634|22
8324|16635|16636|22
3913|16638|16639|21
3914|16640|16641|21
7160|16645|16646|22
9874|16648|16649|23
9875|16650|16651|23
9876|16652|16653|23
6559|16656|16657|21
6560|16658|16659|21
2055|16664|16665|17
9134|16672|16673|23
7209|16676|16677|21
7064|16679|16680|20
5747|16682|16683|19
5906|16685|16686|20
5907|16687|16688|20
7655|16693|16694|20
6438|16697|16698|20
8585|16701|16702|22
8586|16703|16704|22
8587|16705|16706|22
8379|16708|16709|21
8380|16710|16711|21
8648|16714|16715|21
8649|16716|16717|21
8650|16718|16719|21
3324|16723|16724|18
1638|16727|16728|16
6219|16733|16734|16
6220|16735|16736|16
6221|16737|16738|16
9574|16743|16744|18
6758|16747|16748|18
4139|16751|16752|16
4140|16753|16754|16
1656|16756|16757|15
7226|16761|16762|14
7227|16763|16764|14
7228|16765|16766|14
5819|16774|16775|15
5820|16776|16777|15
7022|16785|16786|14
7023|16787|16788|14
2584|16790|16791|13
5131|16794|16795|15
5132|16796|16797|15
5133|16798|16799|15
5199|16806|16807|15
5609|16809|16810|16
5201|16812|16813|15
5475|16816|16817|15
9294|16819|16820|16
9295|16821|16822|16
9749|16824|16825|17
9750|16826|16827|17
5477|16830|16831|15
8375|16836|16837|17
8376|16838|16839|17
6592|16841|16842|16
8284|16849|16850|16
8285|16851|16852|16
4213|16854|16855|15
5932|16858|16859|17
3585|16863|16864|14
7389|16869|16870|16
9917|16877|16878|18
6147|16883|16884|16
6534|16886|16887|17
9716|16889|16890|18
9717|16891|16892|18
9718|16893|16894|18
6536|16896|16897|17
6149|16899|16900|16
6118|16902|16903|15
2140|16909|16910|18
6411|16914|16915|19
6232|16918|16919|19
5260|16923|16924|20
5261|16925|16926|20
5540|16929|16930|20
9559|16933|16934|20
9560|16935|16936|20
1378|16941|16942|16
7266|16945|16946|18
9590|16949|16950|20
9591|16951|16952|20
9180|16954|16955|19
9837|16957|16958|20
9838|16959|16960|20
9839|16961|16962|20
7268|16965|16966|18
1506|16968|16969|17
2523|16981|16982|18
5897|16985|16986|20
7072|16988|16989|21
3886|16992|16993|19
3887|16994|16995|19
8126|17001|17002|22
3741|17004|17005|21
8431|17009|17010|24
8432|17011|17012|24
8433|17013|17014|24
7722|17016|17017|23
7723|17018|17019|23
6636|17021|17022|22
6637|17023|17024|22
3194|17028|17029|19
3195|17030|17031|19
2044|17036|17037|15
1057|17039|17040|14
8744|17050|17051|15
8745|17052|17053|15
8746|17054|17055|15
4511|17058|17059|15
7756|17061|17062|16
4513|17064|17065|15
2478|17067|17068|14
1265|17070|17071|13
3261|17083|17084|16
2338|17086|17087|15
9314|17091|17092|16
9338|17094|17095|17
9316|17097|17098|16
9480|17101|17102|16
9597|17107|17108|18
9598|17109|17110|18
9599|17111|17112|18
7615|17114|17115|17
2240|17121|17122|14
1819|17124|17125|13
1568|17131|17132|14
3402|17137|17138|16
7656|17142|17143|17
7657|17144|17145|17
7658|17146|17147|17
5336|17149|17150|16
8100|17152|17153|17
8101|17154|17155|17
4160|17165|17166|18
5012|17168|17169|19
4162|17171|17172|18
9236|17178|17179|21
5183|17181|17182|20
5184|17183|17184|20
8214|17188|17189|21
8215|17190|17191|21
8216|17192|17193|21
7372|17196|17197|21
6489|17201|17202|20
8132|17207|17208|20
8133|17209|17210|20
3151|17216|17217|17
6950|17221|17222|20
8676|17224|17225|21
4205|17231|17232|18
9754|17237|17238|18
9755|17239|17240|18
9756|17241|17242|18
7074|17249|17250|16
7364|17252|17253|17
8439|17255|17256|18
7076|17259|17260|16
9501|17267|17268|18
5426|17273|17274|18
9085|17277|17278|20
5449|17280|17281|19
8361|17286|17287|19
4736|17298|17299|13
5368|17301|17302|14
8522|17304|17305|15
7331|17309|17310|16
7332|17311|17312|16
6185|17318|17319|13
7048|17321|17322|14
7049|17323|17324|14
8250|17327|17328|14
7971|17338|17339|15
9489|17341|17342|16
9490|17343|17344|16
1931|17348|17349|15
8773|17354|17355|19
8774|17356|17357|19
5374|17360|17361|17
8669|17368|17369|15
9911|17373|17374|16
9912|17375|17376|16
9913|17377|17378|16
7310|17381|17382|16
8850|17386|17387|15
4965|17394|17395|17
4966|17396|17397|17
3799|17402|17403|15
3417|17411|17412|14
9135|17419|17420|18
9136|17421|17422|18
9137|17423|17424|18
7630|17426|17427|17
9166|17429|17430|18
9833|17434|17435|17
9834|17436|17437|17
9835|17438|17439|17
6578|17443|17444|16
3049|17448|17449|13
7051|17455|17456|14
8031|17458|17459|15
8032|17460|17461|15
8033|17462|17463|15
7053|17465|17466|14
9130|17472|17473|15
9131|17474|17475|15
9380|17477|17478|16
3777|17482|17483|15
3778|17484|17485|15
4956|17489|17490|16
9537|17493|17494|18
9538|17495|17496|18
9539|17497|17498|18
9580|17501|17502|18
9581|17503|17504|18
9582|17505|17506|18
6898|17508|17509|17
7871|17513|17514|18
7872|17515|17516|18
5655|17528|17529|19
5656|17530|17531|19
703|17538|17539|15
1296|17553|17554|12
3042|17557|17558|14
3043|17559|17560|14
3618|17565|17566|14
3619|17567|17568|14
4351|17572|17573|15
7561|17575|17576|16
8739|17578|17579|17
9443|17581|17582|18
9444|17583|17584|18
7563|17587|17588|16
7993|17591|17592|16
7994|17593|17594|16
7995|17595|17596|16
1936|17599|17600|14
7309|17606|17607|19
3340|17611|17612|16
5876|17614|17615|17
8481|17620|17621|17
8482|17622|17623|17
8483|17624|17625|17
2332|17627|17628|16
1806|17638|17639|13
9289|17647|17648|16
8644|17655|17656|16
7703|17658|17659|15
8868|17661|17662|16
8869|17663|17664|16
3549|17668|17669|15
9689|17676|17677|15
9690|17678|17679|15
3451|17682|17683|15
6157|17689|17690|18
9162|17694|17695|19
6575|17701|17702|20
6576|17703|17704|20
7644|17706|17707|21
7645|17708|17709|21
9510|17714|17715|19
5759|17721|17722|18
5760|17723|17724|18
7808|17726|17727|19
7809|17728|17729|19
7810|17730|17731|19
7786|17735|17736|18
7787|17737|17738|18
7899|17740|17741|19
8596|17743|17744|20
8599|17746|17747|21
8600|17748|17749|21
8598|17751|17752|20
8636|17761|17762|18
8637|17763|17764|18
3965|17767|17768|16
2377|17770|17771|15
8203|17776|17777|15
9842|17780|17781|15
9843|17782|17783|15
6792|17785|17786|14
4833|17794|17795|15
4294|17797|17798|14
849|17801|17802|12
4757|17809|17810|18
4758|17811|17812|18
5557|17817|17818|20
5558|17819|17820|20
3551|17822|17823|19
3502|17825|17826|18
3202|17828|17829|17
4354|17832|17833|17
4081|17837|17838|18
9466|17841|17842|20
9467|17843|17844|20
9468|17845|17846|20
5752|17850|17851|19
5753|17852|17853|19
9773|17856|17857|21
9774|17858|17859|21
9775|17860|17861|21
5856|17863|17864|20
7857|17870|17871|19
7902|17873|17874|20
4498|17877|17878|18
7071|17882|17883|19
4723|17889|17890|16
1401|17892|17893|15
4117|17897|17898|16
5055|17904|17905|17
5056|17906|17907|17
5486|17909|17910|18
9990|17916|17917|19
9991|17918|17919|19
9992|17920|17921|19
8905|17924|17925|17
4480|17927|17928|16
3999|17930|17931|15
4196|17936|17937|15
4197|17938|17939|15
6245|17942|17943|17
9610|17947|17948|20
9611|17949|17950|20
8891|17952|17953|19
7624|17958|17959|19
6869|17961|17962|18
6870|17963|17964|18
4813|17972|17973|15
2085|17975|17976|14
4904|17978|17979|15
6216|18002|18003|13
2516|18008|18009|13
5578|18014|18015|15
7864|18017|18018|16
2188|18026|18027|13
4464|18031|18032|16
4465|18033|18034|16
4049|18036|18037|15
4050|18038|18039|15
3693|18041|18042|14
9082|18044|18045|15
9083|18046|18047|15
8273|18055|18056|12
8274|18057|18058|12
8275|18059|18060|12
4073|18062|18063|11
9661|18065|18066|12
9662|18067|18068|12
2076|18077|18078|12
2077|18079|18080|12
4761|18086|18087|13
7727|18089|18090|14
9880|18092|18093|15
9881|18094|18095|15
9882|18096|18097|15
4528|18102|18103|13
5421|18105|18106|14
5422|18107|18108|14
8113|18110|18111|15
1887|18115|18116|12
5594|18132|18133|11
8553|18137|18138|12
8554|18139|18140|12
2541|18144|18145|9
6049|18148|18149|11
9938|18151|18152|12
9939|18153|18154|12
3325|18160|18161|9
4077|18163|18164|10
2143|18167|18168|8
944|18173|18174|8
6860|18180|18181|13
7132|18183|18184|14
8688|18186|18187|15
8689|18188|18189|15
8998|18191|18192|16
8999|18193|18194|16
9000|18195|18196|16
7134|18199|18200|14
5237|18213|18214|16
7488|18216|18217|17
7489|18218|18219|17
8509|18222|18223|19
8510|18224|18225|19
7748|18227|18228|18
9325|18236|18237|15
9326|18238|18239|15
9327|18240|18241|15
7200|18246|18247|17
8766|18249|18250|18
7202|18252|18253|17
6273|18255|18256|16
6274|18257|18258|16
9011|18262|18263|17
7245|18265|18266|16
7246|18267|18268|16
3448|18271|18272|14
1746|18275|18276|12
1747|18277|18278|12
2727|18288|18289|9
2728|18290|18291|9
7941|18294|18295|9
7942|18296|18297|9
4233|18303|18304|12
7714|18306|18307|13
9486|18310|18311|13
9487|18312|18313|13
9488|18314|18315|13
7758|18321|18322|14
1944|18328|18329|11
9877|18332|18333|13
9878|18334|18335|13
8350|18339|18340|14
8351|18341|18342|14
5022|18344|18345|13
4347|18349|18350|12
3262|18356|18357|11
3263|18358|18359|11
9001|18364|18365|11
744|18371|18372|8
847|18374|18375|9
5145|18382|18383|13
5146|18384|18385|13
4964|18387|18388|12
7820|18394|18395|11
7821|18396|18397|11
8397|18409|18410|10
8398|18411|18412|10
8399|18413|18414|10
3000|18420|18421|13
4111|18423|18424|14
3101|18428|18429|13
7708|18433|18434|14
7709|18435|18436|14
2208|18441|18442|12
2958|18445|18446|12
2959|18447|18448|12
9762|18452|18453|15
9763|18454|18455|15
9764|18456|18457|15
4121|18468|18469|15
9810|18471|18472|16
9811|18473|18474|16
6928|18479|18480|16
4890|18482|18483|15
7960|18486|18487|15
7937|18494|18495|17
7938|18496|18497|17
8670|18503|18504|20
8671|18505|18506|20
8672|18507|18508|20
7974|18510|18511|19
5112|18513|18514|18
4341|18518|18519|17
9639|18522|18523|19
9640|18524|18525|19
9641|18526|18527|19
9470|18529|18530|18
9471|18531|18532|18
4343|18534|18535|17
3063|18538|18539|15
5842|18541|18542|16
9237|18545|18546|18
5844|18549|18550|16
4268|18555|18556|16
9021|18558|18559|17
9022|18560|18561|17
4270|18563|18564|16
3155|18566|18567|15
7916|18571|18572|18
5791|18576|18577|19
5792|18578|18579|19
5793|18580|18581|19
4764|18583|18584|18
7448|18589|18590|20
7449|18591|18592|20
7450|18593|18594|20
6875|18596|18597|19
6876|18598|18599|19
6682|18601|18602|18
6683|18603|18604|18
4211|18608|18609|17
3908|18611|18612|16
5772|18616|18617|15
6182|18619|18620|16
6183|18621|18622|16
6184|18623|18624|16
5774|18626|18627|15
2258|18632|18633|13
9867|18636|18637|15
9868|18638|18639|15
7480|18644|18645|17
7481|18646|18647|17
2780|18658|18659|9
9617|18665|18666|14
9618|18667|18668|14
8157|18670|18671|13
8158|18672|18673|13
6953|18675|18676|12
6954|18677|18678|12
5541|18690|18691|13
3800|18695|18696|14
5917|18705|18706|14
6973|18708|18709|15
6974|18710|18711|15
7002|18713|18714|16
9804|18716|18717|17
9805|18718|18719|17
5919|18723|18724|14
8799|18727|18728|14
7336|18735|18736|16
7536|18738|18739|17
7537|18740|18741|17
7538|18742|18743|17
7338|18745|18746|16
7312|18749|18750|16
8098|18752|18753|17
8099|18754|18755|17
7314|18757|18758|16
6130|18764|18765|13
7060|18767|18768|14
9156|18774|18775|13
4434|18777|18778|12
7176|18786|18787|13
7177|18788|18789|13
6268|18791|18792|12
8631|18796|18797|15
8632|18798|18799|15
8633|18800|18801|15
6912|18804|18805|15
6913|18806|18807|15
6626|18810|18811|13
7895|18820|18821|15
8736|18823|18824|16
4385|18830|18831|15
4386|18832|18833|15
8562|18836|18837|15
6194|18849|18850|18
6195|18851|18852|18
5025|18855|18856|18
7975|18858|18859|19
7976|18860|18861|19
7977|18862|18863|19
3806|18866|18867|17
3117|18870|18871|17
8245|18876|18877|19
8246|18878|18879|19
8775|18881|18882|20
8776|18883|18884|20
8308|18888|18889|19
8309|18890|18891|19
8310|18892|18893|19
6690|18904|18905|15
8500|18908|18909|17
8501|18910|18911|17
8502|18912|18913|17
7359|18916|18917|17
6692|18920|18921|15
5994|18924|18925|15
5995|18926|18927|15
7650|18929|18930|16
7651|18931|18932|16
7652|18933|18934|16
5643|18938|18939|15
5644|18940|18941|15
5645|18942|18943|15
4440|18946|18947|13
4327|18951|18952|14
3142|18957|18958|16
5977|18966|18967|17
5978|18968|18969|17
5075|18971|18972|16
5339|18974|18975|17
9060|18977|18978|18
9061|18979|18980|18
5816|18991|18992|14
5817|18993|18994|14
5818|18995|18996|14
4927|19001|19002|14
6052|19005|19006|16
6993|19010|19011|17
8765|19013|19014|18
6025|19017|19018|16
6026|19019|19020|16
4992|19022|19023|15
4555|19026|19027|13
7986|19035|19036|14
7987|19037|19038|14
3854|19040|19041|13
3855|19042|19043|13
7946|19046|19047|13
2756|19049|19050|12
2551|19052|19053|11
8519|19055|19056|12
8520|19057|19058|12
7433|19066|19067|13
3597|19069|19070|12
3598|19071|19072|12
6914|19079|19080|14
6915|19081|19082|14
4997|19084|19085|13
3408|19087|19088|12
5515|19094|19095|15
8313|19099|19100|18
8403|19105|19106|18
7027|19108|19109|17
7028|19110|19111|17
6367|19114|19115|17
8311|19120|19121|17
8312|19122|19123|17
9566|19126|19127|17
9567|19128|19129|17
9568|19130|19131|17
6520|19133|19134|16
4041|19137|19138|14
4492|19141|19142|14
9185|19144|19145|15
4494|19147|19148|14
3943|19153|19154|12
3944|19155|19156|12
8229|19160|19161|15
7096|19163|19164|14
7897|19166|19167|15
7898|19168|19169|15
6175|19172|19173|13
8601|19179|19180|12
8602|19181|19182|12
9192|19190|19191|11
9193|19192|19193|11
9194|19194|19195|11
8668|19199|19200|12
5383|19214|19215|13
5384|19216|19217|13
5385|19218|19219|13
4949|19221|19222|12
8434|19224|19225|13
7235|19231|19232|12
7236|19233|19234|12
9691|19236|19237|13
9692|19238|19239|13
6848|19243|19244|12
8493|19246|19247|13
8494|19248|19249|13
6850|19251|19252|12
4195|19255|19256|10
7108|19260|19261|11
7109|19262|19263|11
5262|19267|19268|12
5653|19277|19278|12
5654|19279|19280|12
8137|19286|19287|11
8138|19288|19289|11
2702|19292|19293|11
6831|19296|19297|13
8218|19299|19300|14
8219|19301|19302|14
8220|19303|19304|14
4909|19307|19308|12
4662|19312|19313|13
1624|19319|19320|10
7349|19323|19324|12
8876|19338|19339|11
9012|19341|19342|12
9013|19343|19344|12
9014|19345|19346|12
9940|19349|19350|12
9941|19351|19352|12
9942|19353|19354|12
3776|19357|19358|10
4260|19362|19363|9
9030|19370|19371|11
6679|19376|19377|11
9081|19379|19380|12
4163|19388|19389|11
4164|19390|19391|11
4165|19392|19393|11
5983|19396|19397|11
5984|19398|19399|11
8830|19401|19402|12
8831|19403|19404|12
1709|19409|19410|8
250|19412|19413|7
8917|19426|19427|17
8918|19428|19429|17
8919|19430|19431|17
5846|19433|19434|16
5847|19435|19436|16
9218|19440|19441|15
9219|19442|19443|15
5061|19447|19448|16
5062|19449|19450|16
9864|19453|19454|18
9865|19455|19456|18
9871|19458|19459|19
5763|19466|19467|17
5764|19468|19469|17
7533|19472|19473|17
7534|19474|19475|17
5883|19479|19480|16
6490|19482|19483|17
6491|19484|19485|17
8073|19489|19490|18
8074|19491|19492|18
8767|19494|19495|19
8768|19496|19497|19
8769|19498|19499|19
8651|19503|19504|18
9709|19507|19508|20
9508|19510|19511|19
9509|19512|19513|19
8653|19515|19516|18
6878|19519|19520|18
6879|19521|19522|18
9545|19535|19536|20
9546|19537|19538|20
8227|19543|19544|22
8616|19546|19547|23
8617|19548|19549|23
8618|19550|19551|23
7556|19555|19556|20
7557|19557|19558|20
9777|19561|19562|20
3796|19566|19567|17
5195|19570|19571|17
5196|19572|19573|17
4698|19577|19578|18
3897|19580|19581|17
6711|19584|19585|19
6712|19586|19587|19
4840|19594|19595|15
6718|19602|19603|19
8956|19606|19607|19
8957|19608|19609|19
7373|19614|19615|19
7374|19616|19617|19
7375|19618|19619|19
4733|19625|19626|18
4734|19627|19628|18
4735|19629|19630|18
3165|19636|19637|19
9076|19639|19640|20
9077|19641|19642|20
9078|19643|19644|20
2571|19650|19651|21
2572|19652|19653|21
7734|19656|19657|23
7735|19658|19659|23
6292|19662|19663|23
9684|19666|19667|25
9685|19668|19669|25
9686|19670|19671|25
7613|19674|19675|25
7701|19679|19680|26
5343|19686|19687|23
5344|19688|19689|23
2209|19694|19695|21
7318|19699|19700|20
7667|19702|19703|21
9279|19705|19706|22
9280|19707|19708|22
8654|19711|19712|22
8655|19713|19714|22
8656|19715|19716|22
7320|19719|19720|20
7006|19723|19724|20
8825|19726|19727|21
8826|19728|19729|21
8827|19730|19731|21
7008|19733|19734|20
2131|19740|19741|21
939|19751|19752|14
8121|19759|19760|16
8122|19761|19762|16
9348|19766|19767|17
9349|19768|19769|17
9350|19770|19771|17
7678|19774|19775|17
7185|19777|19778|16
5415|19783|19784|16
4310|19786|19787|15
4311|19788|19789|15
3833|19791|19792|14
8786|19803|19804|16
8787|19805|19806|16
3513|19808|19809|15
6167|19811|19812|16
6168|19813|19814|16
6405|19816|19817|17
6864|19819|19820|18
6528|19823|19824|18
1197|19829|19830|14
7073|19833|19834|14
4797|19844|19845|13
4852|19849|19850|14
4853|19851|19852|14
4854|19853|19854|14
7851|19858|19859|15
9023|19862|19863|15
9024|19864|19865|15
3951|19877|19878|10
7171|19880|19881|11
7172|19882|19883|11
7564|19887|19888|10
7565|19889|19890|10
7566|19891|19892|10
2197|19895|19896|10
4896|19902|19903|11
2203|19905|19906|10
6774|19913|19914|10
7811|19916|19917|11
7812|19918|19919|11
6261|19923|19924|10
9721|19927|19928|12
9722|19929|19930|12
9723|19931|19932|12
8082|19934|19935|11
8083|19936|19937|11
6263|19939|19940|10
1283|19951|19952|8
2628|19954|19955|9
7598|19959|19960|12
1285|19965|19966|8
1080|19968|19969|7
4409|19973|19974|8
4410|19975|19976|8
8833|19978|19979|9
8834|19980|19981|9
1327|19984|19985|7
6416|19987|19988|8
6769|19990|19991|9
